500 2182300
600 2727060
700 2994960
800 3554920
900 3917000
1000 4276380
1100 4785280
1200 5346280
1300 5630000
1400 6010900
1500 6613380
1600 6984820
1700 7616880
1800 7826480
1900 8593240
2000 8619160
2100 9382240
2200 9758800
2300 10774140
2400 10439080
2500 11078260
2600 11368320
2700 11647900
2800 12397400
2900 12557800
3000 13259840
3100 13670160
3200 13723960
3300 14236800
3400 15234620
3500 17609200
3600 17138920
3700 16363420
3800 17310240
3900 16972160
4000 18239580
4100 18463740
4200 18636220
4300 19526180
4400 18913060
4500 21301860
4600 21769660
4700 20491380
4800 21167820
4900 23805200
5000 23973360
5100 34974980
5200 25174160
5300 23486600
5400 23215600
5500 23563860
5600 24065180
5700 24490320
5800 25110280
5900 25419600
6000 25773860
6100 26486300
6200 26437000
6300 27173400
6400 27593820
6500 27997180
6600 29176940
6700 28729220
6800 29233700
6900 29511620
7000 29866360
7100 30495220
7200 31227620
7300 31310680
7400 31714280
7500 32359340
7600 32818920
7700 33833440
7800 34156540
7900 34033320
8000 34209160
8100 34647340
8200 34881720
8300 36029160
8400 36130820
8500 37473560
8600 37395980
8700 37736120
8800 38000040
8900 38111600
9000 38772000
9100 39224060
9200 39633920
9300 40125600
9400 40401320
9500 41011780
9600 41614540
9700 42031280
9800 42907120
9900 42607780
10000 43056840
10100 43334740
10200 43925360
10300 44670320
10400 45245640
10500 45220020
10600 45464100
10700 46009260
10800 46405880
10900 46849380
11000 47309960
11100 47819880
11200 48196260
11300 48530620
11400 49382560
11500 49731540
11600 50176460
11700 50734080
11800 50603500
11900 51177700
12000 51542620
12100 52151740
12200 52476460
12300 52928060
12400 53626840
12500 54415100
12600 54323060
12700 54543840
12800 54965000
12900 55350700
13000 56743120
13100 56289000
13200 56771760
13300 57074060
13400 57820400
13500 58112400
13600 58731520
13700 59342620
13800 59449240
13900 59860860
14000 60048940
14100 61237280
14200 61034300
14300 61392860
14400 62010120
14500 62703060
14600 63034220
14700 63110060
14800 63727640
14900 64570800
15000 65360600
15100 64953060
15200 65572080
15300 65405160
15400 66068000
15500 66982820
15600 67061980
15700 67917260
15800 67789900
15900 68374620
16000 69337280
16100 69242980
16200 70044060
16300 70254240
16400 70720780
16500 71473840
16600 72479120
16700 72082300
16800 72442100
16900 73101900
17000 73077740
17100 73501080
17200 74267820
17300 74673580
17400 74923700
17500 76062920
17600 76038160
17700 76276840
17800 76754980
17900 76958940
18000 77745700
18100 77774560
18200 79386000
18300 79487980
18400 80838840
18500 79787380
18600 80109980
18700 80927740
18800 81855860
18900 81250900
19000 82800020
19100 82471920
19200 82817500
19300 84128520
19400 83456040
19500 84386720
19600 84599720
19700 85183660
19800 86238040
19900 85805300
20000 86507220
20100 87097420
20200 87832480
20300 87502480
20400 88337520
20500 88604580
20600 89832080
20700 90346000
20800 89537720
20900 90568180
21000 90315520
21100 91558120
21200 91218700
21300 92985640
21400 92680680
21500 93445280
21600 92684860
21700 93449820
21800 94337960
21900 94500520
22000 95890120
22100 95272740
22200 95724080
22300 95872080
22400 97809980
22500 96584360
22600 98211940
22700 97652120
22800 98025680
22900 98770600
23000 99625160
23100 99512980
23200 100264220
23300 100199500
23400 101119560
23500 101216340
23600 102203680
23700 102208960
23800 102417180
23900 102597860
24000 103216460
24100 103992860
24200 104795900
24300 105819540
24400 105289720
24500 106344400
24600 105331360
24700 107036240
24800 106692120
24900 107035160
25000 107387300
25100 108374400
25200 108727860
25300 109097200
25400 109532360
25500 110245960
25600 110365120
25700 111063320
25800 111486140
25900 111672140
26000 112357760
26100 113100840
26200 113455520
26300 113344760
26400 114536940
26500 114194160
26600 116027400
26700 115574820
26800 116243940
26900 116588020
27000 118075480
27100 117445080
27200 118924680
27300 119642720
27400 119659460
27500 119286940
27600 118548980
27700 120510420
27800 121857340
27900 121069520
28000 122502560
28100 122493040
28200 123011540
28300 123901640
28400 123789100
28500 124526860
28600 126295720
28700 124987140
28800 126207160
28900 125661620
29000 127941300
29100 128039940
29200 127555060
29300 127834700
29400 129429860
29500 129284400
29600 130072920
29700 129708340
29800 129953780
29900 130141120
30000 131656100
30100 132244840
30200 131090420
30300 131645460
30400 133522040
30500 132476460
30600 131788160
30700 132752980
30800 133350800
30900 134792960
31000 135560920
31100 136075720
31200 135319800
31300 137054120
31400 137712740
31500 137724260
31600 138601080
31700 137703240
31800 139669200
31900 139530740
32000 138982880
32100 139082880
32200 140088780
32300 140480460
32400 141698200
32500 141244260
32600 141399400
32700 140873780
32800 143158700
32900 142702480
33000 143226520
33100 143723220
33200 144475480
33300 145096280
33400 144484540
33500 144790040
33600 145334440
33700 146314660
33800 145263500
33900 146891200
34000 149578740
34100 148689120
34200 149374660
34300 150080680
34400 150602640
34500 151401840
34600 151464700
34700 151450800
34800 151128500
34900 151908460
35000 150978120
35100 151009620
35200 151460320
35300 152538100
35400 153810520
35500 154145960
35600 154665300
35700 154140760
35800 154258840
35900 156070960
36000 155741740
36100 155485620
36200 156509480
36300 158149580
36400 157784940
36500 158171500
36600 157674700
36700 158846060
36800 158294620
36900 158618900
37000 161351980
37100 160436800
37200 160978260
37300 161460940
37400 161816820
37500 161149220
37600 163903840
37700 163722200
37800 164525000
37900 165294820
38000 163747140
38100 164909320
38200 165773460
38300 165356980
38400 166243240
38500 166761560
38600 166671480
38700 166844020
38800 167344980
38900 167948200
39000 168442080
39100 168649540
39200 169384480
39300 169637740
39400 170146480
39500 170931980
39600 171550840
39700 172542360
39800 173605600
39900 171853660
40000 172367860
40100 174681340
40200 173729740
40300 175900000
40400 175506380
40500 174849580
40600 177830180
40700 178130960
40800 177180460
40900 178577440
41000 177329160
41100 178818580
41200 179066000
41300 179210760
41400 179551840
41500 180854780
41600 180770720
41700 182350880
41800 184187820
41900 182479800
42000 183226240
42100 190247020
42200 186107120
42300 194135100
42400 187853660
42500 186352720
42600 187098640
42700 187757240
42800 187457440
42900 187602460
43000 306912620
43100 381693480
43200 404275980
43300 412893860
43400 432189600
43500 423394000
43600 395643640
43700 411098720
43800 425690840
43900 425842140
44000 448232440
44100 190262380
44200 191086140
44300 191673640
44400 191072200
44500 192608300
44600 192331720
44700 192765780
44800 192627720
44900 192969380
45000 194599380
45100 193604900
45200 196427640
45300 195775360
45400 195217620
45500 196131040
45600 196895220
45700 198999840
45800 198564640
45900 198460160
46000 199837180
46100 198840260
46200 198711040
46300 200198140
46400 199951480
46500 200225220
46600 201075280
46700 201559840
46800 201805520
46900 202544540
47000 202607880
47100 204459220
47200 203638880
47300 203558220
47400 204127400
47500 204574620
47600 205351320
47700 205313400
47800 205910800
47900 206065720
48000 206659960
48100 207566400
48200 207347700
48300 208927840
48400 208110780
48500 209079920
48600 209711960
48700 209814220
48800 211551740
48900 210952260
49000 211460700
49100 212615660
49200 213204260
49300 214217400
49400 212677800
49500 213828140
49600 215788180
49700 216848160
49800 215975120
49900 215849220
50000 215048020
50100 215821780
50200 222631400
50300 216533500
50400 220135640
50500 219405020
50600 218669500
50700 220682940
50800 219377200
50900 219334280
51000 220982500
51100 221432840
51200 221281640
51300 221494200
51400 222928500
51500 222240900
51600 223566040
51700 222663160
51800 223685000
51900 225905420
52000 226230240
52100 225517460
52200 225337940
52300 226276220
52400 230195480
52500 227501820
52600 226986140
52700 228729520
52800 228804300
52900 228744900
53000 228861800
53100 228908640
53200 229370700
53300 230687160
53400 231045020
53500 230840420
53600 232395340
53700 232597900
53800 232841600
53900 233119280
54000 233277580
54100 235725860
54200 236025180
54300 235293700
54400 235625120
54500 236482340
54600 238982320
54700 236512660
54800 241122680
54900 240710600
55000 239477760
55100 243668880
55200 240393700
55300 239572260
55400 241481080
55500 240475080
55600 241807960
55700 241625800
55800 240442060
55900 241125720
56000 242555060
56100 242864520
56200 241501000
56300 243658800
56400 244026760
56500 244878160
56600 245403660
56700 246369980
56800 246980660
56900 247294100
57000 246533500
57100 246805580
57200 247530440
57300 249414160
57400 249041340
57500 249645400
57600 250359700
57700 250806240
57800 249262200
57900 252726660
58000 256311480
58100 250398620
58200 252383800
58300 252051240
58400 253581940
58500 252560800
58600 253596240
58700 253852860
58800 253726520
58900 255555840
59000 254575880
59100 255123820
59200 257292340
59300 258105900
59400 256041800
59500 257732300
59600 259744160
59700 260093200
59800 262712080
59900 261721760
60000 261736720
60100 261542800
60200 263119880
60300 265084260
60400 264123580
60500 263517860
60600 264273500
60700 264281640
60800 263955880
60900 265033780
61000 263331080
61100 263587040
61200 264522000
61300 267645660
61400 266269860
61500 269200740
61600 268714320
61700 270960940
61800 269803880
61900 269353800
62000 269096740
62100 267879420
62200 268661260
62300 268559120
62400 269488180
62500 271567060
62600 271835940
62700 270584800
62800 274073920
62900 272355460
63000 272435280
63100 274272040
63200 273641440
63300 274744740
63400 276613620
63500 274854240
63600 275163720
63700 275693960
63800 275607480
63900 275936520
64000 275727200
64100 278665100
64200 279821380
64300 278203300
64400 280085080
64500 280463040
64600 279602840
64700 278500900
64800 280147580
64900 280960120
65000 281006320
65100 281457020
65200 281346600
65300 281405420
65400 283320320
65500 283257740
65600 284503380
65700 284184400
65800 284396100
65900 286172400
66000 285999360
66100 286976740
66200 286625900
66300 287876980
66400 288071400
66500 291887420
66600 290874880
66700 289116420
66800 292526720
66900 288336620
67000 290146460
67100 291402500
67200 290432000
67300 291524040
67400 291250960
67500 295701560
67600 293804260
67700 293276660
67800 295813740
67900 296647400
68000 296444940
68100 296838360
68200 294256100
68300 296960760
68400 298806920
68500 300047740
68600 299659900
68700 310826820
68800 327796240
68900 304598060
69000 371665580
69100 298626140
69200 299003920
69300 299198020
69400 299425320
69500 299861860
69600 299697100
69700 301584440
69800 301575960
69900 301614420
70000 301282480
70100 304498420
70200 304469900
70300 303054700
70400 303944920
70500 304230560
70600 305037840
70700 306376380
70800 305567500
70900 307980180
71000 306534300
71100 306284960
71200 307895700
71300 306767800
71400 308877340
71500 310204560
71600 308909140
71700 309322840
71800 309698400
71900 310073500
72000 310562420
72100 310519300
72200 313579180
72300 312861060
72400 312861940
72500 313913440
72600 311100160
72700 317646220
72800 314695480
72900 315853620
73000 315988340
73100 315951780
73200 316898700
73300 317384660
73400 319245200
73500 319160880
73600 318011440
73700 317133440
73800 323276320
73900 324349480
74000 324327760
74100 324380120
74200 323031660
74300 345948520
74400 335917280
74500 331375900
74600 330208020
74700 334872700
74800 335618440
74900 336958160
75000 327848920
75100 599960120
75200 496690980
75300 329680140
75400 328337720
75500 326553420
75600 325766280
75700 326455500
75800 326975300
75900 328055280
76000 328099500
76100 328269620
76200 329754620
76300 331152260
76400 330502740
76500 331570980
76600 333129820
76700 332522940
76800 332268620
76900 331806480
77000 332590540
77100 332958200
77200 334331980
77300 333529820
77400 335904920
77500 334557080
77600 335719200
77700 336508820
77800 335857300
77900 337452140
78000 336919200
78100 338811220
78200 338314700
78300 337872500
78400 337246880
78500 339231480
78600 338113140
78700 338704040
78800 339770340
78900 339838240
79000 341565980
79100 344072500
79200 346441100
79300 345618080
79400 346331940
79500 351157360
79600 351574820
79700 355781400
79800 359121480
79900 450468840
80000 792558980
80100 659195400
80200 747797560
80300 743584960
80400 721856740
80500 765338060
80600 750156320
80700 765235560
80800 756032660
80900 742209920
81000 753823920
81100 757882960
81200 744557960
81300 742679860
81400 759631360
81500 764572580
81600 747230860
81700 795478100
81800 367352940
81900 365200860
82000 366243840
82100 360135440
82200 357795320
82300 358784940
82400 360104640
82500 359461080
82600 358314020
82700 357812640
82800 359846080
82900 360018420
83000 360952960
83100 364676740
83200 359364180
83300 369176540
83400 521595180
83500 809230760
83600 841629760
83700 464452760
83800 373836620
83900 376311300
84000 362859200
84100 363443120
84200 364143720
84300 363132360
84400 364660620
84500 365891680
84600 365225900
84700 365346160
84800 375093220
84900 366810260
85000 367306600
85100 366695260
85200 368546320
85300 368162480
85400 369658060
85500 369676020
85600 369897100
85700 369711100
85800 370612460
85900 371146500
86000 371073020
86100 372468940
86200 371777460
86300 371441100
86400 373453440
86500 375806660
86600 373147700
86700 374294680
86800 374390080
86900 376791860
87000 375534780
87100 378315660
87200 376946940
87300 381228100
87400 378952920
87500 379383960
87600 376878640
87700 378671240
87800 379627160
87900 384182760
88000 387934480
88100 403880860
88200 390689620
88300 397910200
88400 386376340
88500 381538760
88600 382109600
88700 384274080
88800 380267960
88900 382658600
89000 384095400
89100 388882020
89200 381980180
89300 380505260
89400 383122280
89500 383766560
89600 382989280
89700 386116800
89800 388867320
89900 390743860
90000 388998680
90100 389493060
90200 392346740
90300 390832980
90400 390168660
90500 393106700
90600 392353120
90700 393143360
90800 392220000
90900 393298300
91000 392349000
91100 395139460
91200 404210880
91300 408446240
91400 617640540
91500 954460580
91600 915220040
91700 697559240
91800 845771860
91900 882181060
92000 837128440
92100 882634340
92200 896149060
92300 836402520
92400 891465900
92500 869593800
92600 874486740
92700 841294480
92800 880880080
92900 723537120
93000 858541980
93100 853192060
93200 904335080
93300 868632500
93400 876172540
93500 742140760
93600 435397640
93700 419852160
93800 422436220
93900 430884000
94000 593607460
94100 846582240
94200 709760020
94300 898927420
94400 945678660
94500 964583200
94600 891809500
94700 917901240
94800 905080060
94900 846632340
95000 888169180
95100 919641100
95200 844227060
95300 825012400
95400 900959200
95500 917918060
95600 901579960
95700 884736000
95800 858359820
95900 866264020
96000 842812760
96100 889488600
96200 922990180
96300 901613100
96400 607359480
96500 910715360
96600 899170460
96700 891106640
96800 1018107480
96900 926027020
97000 903259040
97100 1129799260
97200 877398280
97300 436127660
97400 440936580
97500 661943100
97600 1007972300
97700 971951120
97800 1028984840
97900 999665240
98000 995110980
98100 966996960
98200 928025660
98300 1004345580
98400 984911520
98500 938935540
98600 429723580
98700 427498740
98800 428847460
98900 427544440
99000 532863380
99100 1105498600
99200 993601100
99300 981159580
99400 1042064180
99500 958521960
99600 957737900
99700 993518080
99800 1019968020
99900 1003378520
100000 1012504660
