500 431900
600 438700
700 514460
800 680460
900 630700
1000 895200
1100 867660
1200 966040
1300 1011380
1400 1094840
1500 1083980
1600 1193720
1700 1278840
1800 1407740
1900 1611200
2000 1542540
2100 1635220
2200 1640540
2300 2157980
2400 1819240
2500 1867160
2600 2066160
2700 2084320
2800 2122540
2900 2217680
3000 2338080
3100 2482140
3200 2429940
3300 2484800
3400 2525820
3500 3010260
3600 2990120
3700 2868380
3800 2918340
3900 2910300
4000 3033740
4100 3093000
4200 3179380
4300 3368180
4400 3314200
4500 3409740
4600 4023160
4700 3605520
4800 3721480
4900 3741900
5000 3983720
5100 5367120
5200 3945080
5300 3974220
5400 4124980
5500 4109100
5600 4165700
5700 4252400
5800 4371500
5900 4423440
6000 4497900
6100 4598700
6200 4662260
6300 4748320
6400 4797860
6500 4865460
6600 4995940
6700 5026620
6800 5116360
6900 5217660
7000 5246240
7100 5584860
7200 5447000
7300 5445440
7400 5569160
7500 5603520
7600 5747760
7700 5684480
7800 5793320
7900 5910180
8000 6015100
8100 6043880
8200 7321540
8300 6535340
8400 6403760
8500 6608920
8600 6467080
8700 6605220
8800 6637360
8900 6673880
9000 6762620
9100 6737900
9200 6993820
9300 6977100
9400 7051940
9500 7148900
9600 7347820
9700 7384540
9800 7441960
9900 7394720
10000 7639540
10100 7609120
10200 7680780
10300 7722400
10400 7919520
10500 7871260
10600 8026680
10700 8056100
10800 8340120
10900 8183500
11000 8487100
11100 8535120
11200 8593500
11300 9415340
11400 8679840
11500 8668900
11600 8878160
11700 8816100
11800 8957040
11900 9042580
12000 9168260
12100 9201220
12200 9310220
12300 9241180
12400 9334500
12500 9383160
12600 9437640
12700 9556760
12800 9902800
12900 9777400
13000 9633620
13100 9959960
13200 9881420
13300 10085240
13400 10128640
13500 10171200
13600 10461040
13700 10367240
13800 10499520
13900 10588300
14000 10615860
14100 10660840
14200 10794760
14300 10763820
14400 10860600
14500 11191640
14600 11017700
14700 11063440
14800 11334900
14900 11359180
15000 11403980
15100 11453460
15200 11530660
15300 11526340
15400 11712900
15500 11770160
15600 11770600
15700 12241220
15800 11959120
15900 12021020
16000 12376020
16100 12091700
16200 12190560
16300 12271680
16400 12278440
16500 12645760
16600 12538460
16700 12710400
16800 12856220
16900 12940880
17000 12989600
17100 13179540
17200 13074820
17300 13185700
17400 13453740
17500 13504060
17600 13494460
17700 13460960
17800 13867260
17900 14755640
18000 13800960
18100 13981200
18200 14026800
18300 14267500
18400 13836400
18500 14092440
18600 14087320
18700 14249780
18800 14423880
18900 14340520
19000 14536180
19100 14530540
19200 14857320
19300 14985140
19400 14930000
19500 14761760
19600 14865980
19700 14880900
19800 15072680
19900 15260820
20000 15199840
20100 15233220
20200 15422560
20300 15711620
20400 15688980
20500 15472200
20600 15859480
20700 15759960
20800 15791260
20900 15924300
21000 15882440
21100 16001140
21200 16398200
21300 16166620
21400 16317800
21500 16462200
21600 16414000
21700 16288040
21800 16607420
21900 16852120
22000 16660780
22100 16876500
22200 16877100
22300 17031680
22400 17234600
22500 17391820
22600 17394920
22700 17309700
22800 17674860
22900 17412540
23000 17788360
23100 17574480
23200 17676060
23300 17681400
23400 17914100
23500 19102940
23600 18143360
23700 18333960
23800 18131420
23900 18306760
24000 18401220
24100 18145660
24200 18526140
24300 18524800
24400 18476060
24500 18726300
24600 18773920
24700 18832020
24800 19003020
24900 18980720
25000 18932380
25100 19201660
25200 19136700
25300 19565680
25400 19697660
25500 19390580
25600 19762240
25700 19799080
25800 19510880
25900 20031120
26000 20015820
26100 20176680
26200 19711900
26300 20235440
26400 20334700
26500 20392220
26600 20580180
26700 20493240
26800 20402840
26900 20584420
27000 20708640
27100 20859320
27200 20940280
27300 21152040
27400 20885860
27500 20986140
27600 21218460
27700 21285340
27800 21508600
27900 21978000
28000 22186440
28100 21720320
28200 21610920
28300 22079040
28400 21948520
28500 22564520
28600 22416780
28700 22502380
28800 22317020
28900 22511320
29000 22430080
29100 23459680
29200 22399440
29300 23527020
29400 22844060
29500 22878260
29600 22962360
29700 22935900
29800 23072660
29900 23187860
30000 23644560
30100 23561420
30200 24083140
30300 23379680
30400 23702300
30500 23811040
30600 23967880
30700 23519920
30800 23728080
30900 24962920
31000 23972120
31100 24183180
31200 24187020
31300 24161160
31400 24394900
31500 24467360
31600 24595800
31700 25053820
31800 24589060
31900 24601680
32000 24859560
32100 25023940
32200 24842720
32300 25136260
32400 25043640
32500 25062920
32600 25277100
32700 24838700
32800 25190360
32900 25274060
33000 25394780
33100 25635680
33200 25443560
33300 25483680
33400 25859600
33500 25933360
33600 26678440
33700 26186280
33800 26297080
33900 26014260
34000 26370220
34100 26995120
34200 26520580
34300 26712160
34400 26758640
34500 26765840
34600 26651700
34700 26886980
34800 27323280
34900 27393640
35000 26776580
35100 27155100
35200 27239000
35300 27194500
35400 27332260
35500 27386720
35600 27052480
35700 27322740
35800 27468400
35900 27599880
36000 27443040
36100 27849520
36200 27782020
36300 27878720
36400 28073440
36500 27956360
36600 27866080
36700 28357300
36800 28430160
36900 28214700
37000 28820400
37100 28363380
37200 28482740
37300 28686740
37400 28766900
37500 29081320
37600 29544300
37700 28876700
37800 28911700
37900 29030340
38000 29157840
38100 29169380
38200 29516720
38300 29342400
38400 29543560
38500 29863520
38600 29663560
38700 29642760
38800 29721480
38900 29851560
39000 29964740
39100 30090600
39200 30170500
39300 30487460
39400 30656740
39500 30412700
39600 30465120
39700 30738640
39800 31091760
39900 30468560
40000 30785940
40100 30883100
40200 31098520
40300 31675560
40400 31156240
40500 31493700
40600 31520000
40700 31288360
40800 31898780
40900 32125620
41000 31909860
41100 31675640
41200 31987080
41300 32415080
41400 32468340
41500 32222320
41600 32515200
41700 32201380
41800 33268060
41900 32504620
42000 32579220
42100 33106700
42200 35079000
42300 33345540
42400 34114600
42500 33137540
42600 32876400
42700 33798920
42800 33731120
42900 33620920
43000 58650140
43100 68636200
43200 83518880
43300 79192620
43400 79211140
43500 79014700
43600 73329840
43700 80230080
43800 80265880
43900 74428800
44000 77692640
44100 33889960
44200 33893220
44300 33959360
44400 34440320
44500 34045420
44600 34765200
44700 34301200
44800 34656560
44900 34593240
45000 34809260
45100 34705500
45200 35579300
45300 34868240
45400 34879220
45500 35201380
45600 35229920
45700 34907020
45800 35224080
45900 35120380
46000 36088520
46100 35643140
46200 35510260
46300 35681640
46400 35527660
46500 35971680
46600 36153900
46700 36300000
46800 35797840
46900 36322860
47000 36324480
47100 36472120
47200 36316760
47300 36348720
47400 36554940
47500 36542700
47600 36954380
47700 36563160
47800 36895900
47900 36855340
48000 36966560
48100 37030640
48200 36758200
48300 37688100
48400 37277080
48500 37425660
48600 37484480
48700 38078060
48800 37509160
48900 38038840
49000 37628620
49100 37954620
49200 37853020
49300 38336120
49400 38018020
49500 38671640
49600 39585260
49700 38821780
49800 38349660
49900 38198260
50000 38743840
50100 38543660
50200 38687320
50300 38606800
50400 38907800
50500 39208280
50600 39069040
50700 39290860
50800 39303760
50900 39110560
51000 39574940
51100 39653860
51200 39326180
51300 39813080
51400 39594480
51500 39958220
51600 39689000
51700 40092720
51800 40357540
51900 40100340
52000 41248640
52100 40546880
52200 40289140
52300 40397740
52400 41269120
52500 40707380
52600 40818520
52700 40766000
52800 41156960
52900 41000820
53000 40820040
53100 40603160
53200 41271120
53300 41327660
53400 41297240
53500 41555100
53600 41592900
53700 41423540
53800 41396360
53900 42860820
54000 42169140
54100 42419400
54200 42224660
54300 42276160
54400 42469860
54500 42113680
54600 42472360
54700 42873900
54800 42807780
54900 43009620
55000 42917220
55100 42887520
55200 42951280
55300 43374440
55400 43616060
55500 42886680
55600 43377660
55700 43010540
55800 42769840
55900 44243100
56000 43493980
56100 43503440
56200 43362800
56300 43741560
56400 44023460
56500 43539400
56600 43729320
56700 44070760
56800 44222300
56900 44492800
57000 44113400
57100 44255260
57200 44552300
57300 44404000
57400 44750380
57500 44760240
57600 45332840
57700 44636160
57800 45196180
57900 44857660
58000 44470740
58100 45262020
58200 45682860
58300 44955480
58400 45235040
58500 45269140
58600 45525560
58700 45743740
58800 46001000
58900 45893600
59000 45871980
59100 45851160
59200 45758120
59300 46120920
59400 46290920
59500 47335460
59600 45941120
59700 46387700
59800 48046140
59900 46626760
60000 47104920
60100 47092700
60200 47014800
60300 47639540
60400 46695820
60500 47584100
60600 47152360
60700 47569200
60800 46848660
60900 47280000
61000 47019660
61100 47011060
61200 47105000
61300 48196740
61400 47577740
61500 48518800
61600 47953220
61700 48344000
61800 48925240
61900 48108580
62000 48139300
62100 47844140
62200 48052580
62300 48216140
62400 48388720
62500 48058860
62600 48489160
62700 49120880
62800 49172880
62900 49005360
63000 48726500
63100 48924980
63200 49464860
63300 48581500
63400 49808460
63500 49291560
63600 49385700
63700 49570940
63800 49457160
63900 49406580
64000 50489480
64100 50021580
64200 49362400
64300 50393920
64400 50820740
64500 51130140
64600 50191000
64700 50447660
64800 50986880
64900 50449640
65000 51203300
65100 50566480
65200 51036640
65300 51051280
65400 50502180
65500 50687200
65600 51390360
65700 50847700
65800 50874380
65900 51133940
66000 51012920
66100 51194460
66200 51608520
66300 51837260
66400 51680260
66500 51655240
66600 51495860
66700 54107080
66800 52186080
66900 52616240
67000 51621120
67100 52200360
67200 52019700
67300 53362580
67400 52680000
67500 52281840
67600 54792520
67700 52836520
67800 52835620
67900 53051980
68000 52828060
68100 52838760
68200 52788140
68300 52968420
68400 53635380
68500 55759800
68600 57798680
68700 56705000
68800 54782700
68900 54783760
69000 72882060
69100 53647360
69200 53784420
69300 53432540
69400 54302200
69500 53678920
69600 53791260
69700 54047420
69800 54585380
69900 54224060
70000 54274760
70100 54286780
70200 55039080
70300 54941780
70400 54038180
70500 55017760
70600 55075860
70700 54887380
70800 54848980
70900 54887960
71000 54755320
71100 55218960
71200 55283460
71300 55316880
71400 55009700
71500 55281360
71600 55370460
71700 56014060
71800 55470380
71900 55626360
72000 55828360
72100 55827400
72200 56045360
72300 56329180
72400 56284020
72500 56041260
72600 56319780
72700 56679820
72800 56156240
72900 57191820
73000 57105220
73100 56648980
73200 56708940
73300 56955660
73400 56442420
73500 57066340
73600 57263820
73700 57563940
73800 57588380
73900 59240500
74000 58044000
74100 58297180
74200 58011740
74300 60024060
74400 60495260
74500 59583100
74600 60008340
74700 64393760
74800 59599420
74900 61085880
75000 59195820
75100 132318100
75200 90239700
75300 61165680
75400 62319540
75500 58537500
75600 58433380
75700 58851980
75800 58828220
75900 58722880
76000 58905340
76100 59109060
76200 59983060
76300 59533780
76400 59149940
76500 59622820
76600 60075680
76700 59376760
76800 59641680
76900 59275600
77000 59603140
77100 59903680
77200 59712820
77300 60336060
77400 59912380
77500 60036880
77600 60509920
77700 60725300
77800 61299260
77900 60497460
78000 60274320
78100 60838560
78200 61297980
78300 60839040
78400 61095820
78500 61070540
78600 61460100
78700 60537280
78800 61105640
78900 60930800
79000 61084940
79100 61683080
79200 62345800
79300 61865640
79400 62081640
79500 63854080
79600 63874460
79700 65059080
79800 63508880
79900 102619200
80000 140502720
80100 115208640
80200 143378160
80300 134533320
80400 130599720
80500 142905100
80600 137162740
80700 134070280
80800 137401100
80900 148663940
81000 137131460
81100 138092320
81200 129451200
81300 151648600
81400 137614860
81500 149856200
81600 130598640
81700 131926800
81800 66906760
81900 64952180
82000 66287780
82100 64750620
82200 65048920
82300 64926860
82400 65111300
82500 64753620
82600 64384040
82700 64661860
82800 64076220
82900 63716700
83000 64698220
83100 65036700
83200 64490080
83300 64857320
83400 104044100
83500 144397800
83600 162398320
83700 81085480
83800 69315320
83900 69191400
84000 65102480
84100 64896840
84200 65936740
84300 65151980
84400 65605940
84500 66507320
84600 65175960
84700 65685480
84800 65729920
84900 66101460
85000 66399940
85100 65546520
85200 66305240
85300 66367540
85400 67491940
85500 66703800
85600 66835100
85700 66394740
85800 67282340
85900 66706660
86000 66295080
86100 66559180
86200 66658460
86300 66539680
86400 67090100
86500 67263800
86600 67322420
86700 67334200
86800 67536320
86900 67045480
87000 67405440
87100 67378200
87200 68830940
87300 67994240
87400 67898720
87500 69416880
87600 68010860
87700 67853880
87800 68432420
87900 68158940
88000 71493860
88100 69965700
88200 79190080
88300 70876480
88400 70580900
88500 69461620
88600 68702060
88700 69550540
88800 67817160
88900 68560020
89000 69364800
89100 68982500
89200 68615920
89300 68467460
89400 68682460
89500 68883220
89600 69307640
89700 69791620
89800 69757100
89900 70558420
90000 70165420
90100 69569080
90200 70937660
90300 70452400
90400 70212580
90500 70525500
90600 70818620
90700 70573560
90800 70807960
90900 70920080
91000 70753320
91100 70578200
91200 72721280
91300 72254260
91400 112345720
91500 179891440
91600 165220220
91700 123001000
91800 151922560
91900 160599740
92000 161031820
92100 151352640
92200 166691100
92300 144767600
92400 171106340
92500 161865880
92600 165036660
92700 158936320
92800 152633440
92900 133988580
93000 159611420
93100 155366720
93200 167862420
93300 155777100
93400 152488640
93500 145509300
93600 79226040
93700 73986860
93800 77020520
93900 74325140
94000 121224000
94100 166105860
94200 151551160
94300 150875520
94400 179143780
94500 175264300
94600 173959480
94700 167192900
94800 178104860
94900 182200520
95000 170064120
95100 154852820
95200 163377120
95300 164416320
95400 170513220
95500 181915360
95600 161367760
95700 161810820
95800 161804780
95900 162914400
96000 176670360
96100 175608920
96200 169067720
96300 174068420
96400 132105840
96500 160026880
96600 165911300
96700 169614680
96800 185938980
96900 178154340
97000 161147520
97100 194845660
97200 140785660
97300 78049540
97400 75663300
97500 128281040
97600 190774980
97700 186089860
97800 197207820
97900 178567240
98000 182451780
98100 184725900
98200 187024380
98300 179345080
98400 173989800
98500 183009660
98600 77676880
98700 77115380
98800 78596020
98900 77148900
99000 134138120
99100 182703860
99200 187071380
99300 181416580
99400 187887980
99500 182316200
99600 161947020
99700 204685540
99800 175285280
99900 185476880
100000 175737620
