500 62200
600 56500
700 57300
800 74500
900 72400
1000 154600
1100 98400
1200 98900
1300 124100
1400 223200
1500 252800
1600 145900
1700 139000
1800 142300
1900 148900
2000 183200
2100 171600
2200 189800
2300 190300
2400 195800
2500 211100
2600 236400
2700 230800
2800 254800
2900 259900
3000 309900
3100 299600
3200 284300
3300 292300
3400 288100
3500 279200
3600 502200
3700 296400
3800 310700
3900 332900
4000 333000
4100 343900
4200 365500
4300 375400
4400 369100
4500 732400
4600 425000
4700 396800
4800 697100
4900 742300
5000 443600
5100 793100
5200 778000
5300 1209600
5400 477500
5500 540900
5600 726700
5700 1024500
5800 544200
5900 890200
6000 1003000
6100 1247900
6200 1786700
6300 999000
6400 625800
6500 649000
6600 553800
6700 562600
6800 557400
6900 603200
7000 606200
7100 589500
7200 612400
7300 680800
7400 662700
7500 651000
7600 646700
7700 719300
7800 658500
7900 741000
8000 709000
8100 936000
8200 699800
8300 757800
8400 738500
8500 736100
8600 777900
8700 753100
8800 779900
8900 966800
9000 855800
9100 1382000
9200 1112300
9300 819400
9400 846700
9500 895600
9600 1479300
9700 903700
9800 2223500
9900 2570600
10000 7847200
10100 3108200
10200 1950900
10300 2171700
10400 2707700
10500 2790900
10600 2628000
10700 4523100
10800 4047400
10900 5646500
11000 2928800
11100 3023000
11200 2581400
11300 2995100
11400 3431500
11500 2852700
11600 3152000
11700 3220300
11800 3221800
11900 3343200
12000 1658400
12100 2613000
12200 3455000
12300 3365500
12400 3394800
12500 3744300
12600 3086900
12700 6495800
12800 2450600
12900 4125400
13000 2025700
13100 3398100
13200 3356300
13300 3351400
13400 3299200
13500 3020400
13600 3280000
13700 3491000
13800 3727700
13900 3208100
14000 3429200
14100 2021000
14200 3215400
14300 3758900
14400 4569100
14500 4880200
14600 3033100
14700 5066800
14800 3622200
14900 3741400
15000 3791600
15100 4625800
15200 3821900
15300 2033800
15400 2484200
15500 3906300
15600 4064900
15700 4044500
15800 4025500
15900 2599500
16000 7460500
16100 4129200
16200 4032100
16300 4576600
16400 4258200
16500 4059500
16600 4348400
16700 4456400
16800 2502500
16900 4647500
17000 3859100
17100 4497100
17200 4503200
17300 4777400
17400 4985300
17500 5208400
17600 4559900
17700 4492400
17800 4771600
17900 4813200
18000 4773500
18100 4083800
18200 2936600
18300 4845300
18400 4903700
18500 4918400
18600 5117300
18700 4721100
18800 4914800
18900 5252300
19000 5288900
19100 4176700
19200 5120300
19300 4697800
19400 5174000
19500 4845300
19600 5545800
19700 5470200
19800 5249700
19900 5413600
20000 5658200
20100 5079700
20200 5462900
20300 5532400
20400 4784800
20500 5668100
20600 8525000
20700 7615500
20800 6622800
20900 7639200
21000 8736500
21100 8838300
21200 5876600
21300 9437800
21400 9991200
21500 8303200
21600 6093700
21700 11007200
21800 6009200
21900 6493900
22000 6662900
22100 6039500
22200 6009400
22300 4731900
22400 6393000
22500 6206800
22600 6162300
22700 6486200
22800 3191300
22900 9619100
23000 6474200
23100 6315000
23200 6756000
23300 6291900
23400 6676100
23500 6638900
23600 6909200
23700 26825400
23800 6490300
23900 6710300
24000 6660100
24100 6819600
24200 6336900
24300 6821700
24400 6957600
24500 7065900
24600 6871400
24700 6839900
24800 7176000
24900 7097500
25000 7183900
25100 7037600
25200 7215000
25300 6889800
25400 7648200
25500 7528900
25600 7492900
25700 7499500
25800 5556200
25900 7224000
26000 13109300
26100 6700700
26200 6926700
26300 7278700
26400 6304200
26500 7107200
26600 6891300
26700 7161900
26800 6927600
26900 6955000
27000 7191300
27100 7244200
27200 6842000
27300 6965700
27400 7142500
27500 6665800
27600 7234200
27700 6624200
27800 7169500
27900 7482600
28000 7127100
28100 12563200
28200 13019200
28300 6684400
28400 8367300
28500 6361600
28600 7406700
28700 6647600
28800 7819000
28900 7646900
29000 7643600
29100 10609400
29200 8569900
29300 11387400
29400 7596400
29500 9876300
29600 10116700
29700 7799400
29800 13347000
29900 8969600
30000 4113200
30100 12745500
30200 12487500
30300 4555900
30400 3177500
30500 3035800
30600 2922300
30700 2882900
30800 2954200
30900 2962500
31000 3345700
31100 4760900
31200 2910300
31300 3023000
31400 2958200
31500 3051900
31600 3092900
31700 3033800
31800 3058400
31900 3126400
32000 3174400
32100 3110300
32200 3097400
32300 3058200
32400 3131200
32500 3178700
32600 3140500
32700 3632400
32800 3749100
32900 4724100
33000 3166900
33100 3317800
33200 3521600
33300 3221600
33400 3237300
33500 3366700
33600 3232500
33700 3226300
33800 3374700
33900 3310800
34000 3274000
34100 3317900
34200 3470800
34300 3370500
34400 3339700
34500 3857500
34600 3398100
34700 3290400
34800 3348600
34900 3456900
35000 3641900
35100 3414200
35200 3445100
35300 3350200
35400 3723500
35500 3456200
35600 3464100
35700 3652700
35800 3502000
35900 3540200
36000 7656800
36100 3450900
36200 3538000
36300 3687500
36400 3542900
36500 3612900
36600 3609800
36700 3785100
36800 3699700
36900 3620900
37000 3580700
37100 3857400
37200 5504600
37300 3772600
37400 3895200
37500 3872000
37600 3679300
37700 3681600
37800 4004500
37900 3758300
38000 3710000
38100 3660000
38200 3702200
38300 3995400
38400 3842600
38500 3755700
38600 3857900
38700 3801000
38800 3768600
38900 4022900
39000 4016100
39100 3764500
39200 3987000
39300 4032300
39400 4006900
39500 3844200
39600 4189000
39700 3914900
39800 3945700
39900 4465100
40000 5312400
40100 4046500
40200 4350600
40300 3988700
40400 4084900
40500 4016200
40600 4106700
40700 4102100
40800 6945000
40900 4351000
41000 8409800
41100 4446900
41200 4098900
41300 4104300
41400 4092500
41500 4113800
41600 4174400
41700 4588700
41800 4270700
41900 4326000
42000 4277300
42100 4273500
42200 4305400
42300 4499100
42400 4353500
42500 4295700
42600 5415800
42700 4246800
42800 4503200
42900 4333100
43000 4402100
43100 4375000
43200 4441500
43300 5731000
43400 4399900
43500 5526200
43600 4586900
43700 4435500
43800 4479500
43900 4953200
44000 4726000
44100 4570400
44200 4525100
44300 4492500
44400 4447700
44500 5605900
44600 4549500
44700 4705000
44800 9436300
44900 4687500
45000 4739300
45100 4601600
45200 4826100
45300 4752800
45400 4627900
45500 4791400
45600 4633300
45700 4665400
45800 4778400
45900 4953200
46000 4674300
46100 4814600
46200 4928700
46300 4876100
46400 4829100
46500 4940300
46600 4864900
46700 4810700
46800 7072300
46900 5007800
47000 4910100
47100 4865900
47200 5015100
47300 4940700
47400 4913600
47500 5037900
47600 5310600
47700 5276800
47800 5023900
47900 5649300
48000 5095800
48100 5009600
48200 5103200
48300 5116000
48400 9539500
48500 5145600
48600 5035200
48700 5083100
48800 5267600
48900 6155700
49000 6478800
49100 5484400
49200 8468400
49300 8710100
49400 5492000
49500 7255000
49600 5276400
49700 5301400
49800 5468600
49900 5347500
50000 8321900
50100 5402600
50200 5713500
50300 9731300
50400 5307200
50500 5301500
50600 5513900
50700 5385900
50800 5538400
50900 5307500
51000 8990800
51100 5513300
51200 5403900
51300 5348700
51400 5464100
51500 6318400
51600 5462600
51700 5231800
51800 5388000
51900 5382300
52000 8065900
52100 5383000
52200 5208500
52300 6074200
52400 5548700
52500 5182500
52600 8616400
52700 5238900
52800 5358200
52900 5271900
53000 5330600
53100 5162900
53200 5268700
53300 5392500
53400 5206100
53500 5123500
53600 5158900
53700 5294100
53800 5261400
53900 5670800
54000 6512800
54100 5298500
54200 5251100
54300 7631700
54400 5494900
54500 5228400
54600 5359600
54700 5443700
54800 5646500
54900 5922400
55000 5425500
55100 5343800
55200 5327400
55300 5637600
55400 5348700
55500 5672200
55600 6464300
55700 5729100
55800 6842500
55900 5432800
56000 5943900
56100 8126800
56200 5494900
56300 5477200
56400 5515700
56500 5495900
56600 5650500
56700 5774000
56800 5807600
56900 5478600
57000 5583400
57100 5767700
57200 7156500
57300 5673000
57400 5652200
57500 5535800
57600 7534800
57700 5762900
57800 7301200
57900 6081100
58000 5665700
58100 5755000
58200 6369700
58300 5734700
58400 5726600
58500 6465200
58600 5925200
58700 5770100
58800 5749400
58900 5867100
59000 5707800
59100 5779400
59200 8381600
59300 6527100
59400 5962700
59500 5854200
59600 6164800
59700 5853500
59800 6053200
59900 6429100
60000 6348000
60100 5952400
60200 6048900
60300 5963000
60400 6218800
60500 5864000
60600 6053600
60700 5994100
60800 7174700
60900 6092700
61000 6626100
61100 6158200
61200 6468100
61300 6157900
61400 6092200
61500 6367700
61600 6454000
61700 6590700
61800 6620500
61900 6691500
62000 6191600
62100 10280100
62200 6277400
62300 6546300
62400 6927800
62500 6542000
62600 6259300
62700 6223900
62800 6168600
62900 6289700
63000 6416000
63100 6391000
63200 7637400
63300 6411200
63400 7014800
63500 6513800
63600 6338100
63700 6450300
63800 6382200
63900 6318300
64000 6553100
64100 7200900
64200 6838200
64300 6370200
64400 6347600
64500 6585200
64600 9468000
64700 6802300
64800 6769500
64900 6483900
65000 6493100
65100 7769600
65200 6845800
65300 6662900
65400 6868100
65500 7820900
65600 6482700
65700 6587500
65800 7865400
65900 6689800
66000 7218700
66100 6662900
66200 8070400
66300 6952700
66400 6603100
66500 9181900
66600 7000000
66700 10414600
66800 6829500
66900 6883200
67000 7756200
67100 6699400
67200 6710900
67300 7040800
67400 6796500
67500 9978800
67600 7082800
67700 7123700
67800 6910700
67900 7326400
68000 6723000
68100 7007900
68200 6855600
68300 7616000
68400 6817500
68500 7416700
68600 6909700
68700 8073400
68800 6920200
68900 10938900
69000 7055900
69100 7162100
69200 7318600
69300 6985000
69400 7287500
69500 7617000
69600 7420400
69700 7398200
69800 7078400
69900 10108800
70000 7621600
70100 7068800
70200 7157200
70300 7341700
70400 7162900
70500 7338400
70600 10470100
70700 7108700
70800 7111100
70900 7200000
71000 7579300
71100 7105600
71200 7435500
71300 7434500
71400 13308600
71500 7224100
71600 7201700
71700 7607100
71800 7585300
71900 7567400
72000 7405500
72100 7347600
72200 7701500
72300 7461900
72400 7335100
72500 7938800
72600 7685800
72700 8432100
72800 8559200
72900 7424800
73000 8668100
73100 7501000
73200 7411600
73300 7475500
73400 7381200
73500 11296100
73600 7669800
73700 7426400
73800 7734100
73900 7980000
74000 7818800
74100 8309100
74200 7787800
74300 7846600
74400 7740400
74500 9834900
74600 8145100
74700 8845500
74800 8031600
74900 7693700
75000 8182900
75100 9297200
75200 7779700
75300 7713800
75400 7655100
75500 10746700
75600 7927600
75700 7690500
75800 7919600
75900 8019100
76000 7740200
76100 8806900
76200 7827700
76300 7812200
76400 8238700
76500 8134800
76600 7713600
76700 8082800
76800 8094400
76900 9564700
77000 8976700
77100 8449000
77200 7857900
77300 7926900
77400 8030800
77500 8203900
77600 8459200
77700 8129000
77800 8276700
77900 7986700
78000 8381900
78100 8536800
78200 11273100
78300 8068300
78400 8014600
78500 8195300
78600 8165900
78700 8345300
78800 8150600
78900 8541400
79000 8196600
79100 8460000
79200 12168100
79300 14002200
79400 8217400
79500 8540100
79600 8523900
79700 16728400
79800 8681400
79900 8543400
80000 8604500
80100 8581000
80200 8285100
80300 8646500
80400 8342000
80500 8715000
80600 9644300
80700 8393300
80800 8374500
80900 8642900
81000 8773800
81100 8374100
81200 8609400
81300 8662400
81400 9168100
81500 8438200
81600 8422000
81700 8439600
81800 9214800
81900 8837900
82000 8664600
82100 8633100
82200 8481300
82300 8598000
82400 8831300
82500 8525700
82600 8892500
82700 9128800
82800 8817400
82900 8845000
83000 8733900
83100 9043800
83200 8827900
83300 10814700
83400 8709500
83500 34625200
83600 9955600
83700 8813900
83800 9332500
83900 8940500
84000 13904600
84100 9034700
84200 8815700
84300 9396900
84400 9718700
84500 9245500
84600 9196000
84700 9364700
84800 9368100
84900 9347800
85000 10244100
85100 9370800
85200 9030700
85300 9291200
85400 14195400
85500 10854700
85600 9022500
85700 13968200
85800 9070700
85900 9283300
86000 9304100
86100 9454100
86200 9115700
86300 9110200
86400 9720100
86500 9122300
86600 9290200
86700 13362900
86800 9864400
86900 9470100
87000 9619000
87100 9340900
87200 9434500
87300 9289600
87400 9162500
87500 11098900
87600 9374300
87700 15235800
87800 9530100
87900 9306700
88000 18731700
88100 9375400
88200 10703600
88300 9312500
88400 9362900
88500 10549900
88600 9461500
88700 9344300
88800 9477000
88900 9952900
89000 14763200
89100 10661400
89200 11389200
89300 9560100
89400 10717300
89500 10885200
89600 9921700
89700 10769200
89800 9599000
89900 9908000
90000 9617200
90100 10223300
90200 10514100
90300 9559500
90400 9689000
90500 13081700
90600 9983300
90700 10073200
90800 10752500
90900 19326900
91000 11504800
91100 9805700
91200 10373100
91300 9785200
91400 9819000
91500 9964100
91600 10303600
91700 10463100
91800 10363800
91900 10127300
92000 10262900
92100 9875200
92200 10083200
92300 11233500
92400 13941500
92500 9943300
92600 9978000
92700 9950800
92800 13471500
92900 12324100
93000 10562700
93100 10528500
93200 10247200
93300 10261600
93400 10290300
93500 10523300
93600 10682000
93700 10495700
93800 10268500
93900 11756400
94000 10156000
94100 10326500
94200 13292100
94300 17499600
94400 10359300
94500 10495900
94600 10545500
94700 11762300
94800 11133500
94900 13620100
95000 10595800
95100 10384400
95200 10324600
95300 10442300
95400 10798200
95500 11692600
95600 17699400
95700 10480000
95800 10611300
95900 10650200
96000 10282500
96100 10324800
96200 11633100
96300 10815400
96400 10316800
96500 10546600
96600 10453500
96700 10648400
96800 11014700
96900 13774000
97000 12028800
97100 10885000
97200 10911200
97300 10657700
97400 10973900
97500 16689000
97600 11093100
97700 10887900
97800 10610000
97900 10684400
98000 12091700
98100 10887300
98200 10985200
98300 12536000
98400 10987500
98500 10855000
98600 10797000
98700 12140700
98800 10740100
98900 17102300
99000 10669700
99100 12255300
99200 11053700
99300 11380800
99400 12935400
99500 11327000
99600 10919500
99700 10947900
99800 11498600
99900 10991700
100000 12239600
