500 11800
600 19700
700 9600
800 11000
900 17700
1000 39400
1100 34800
1200 55200
1300 25100
1400 48400
1500 58600
1600 45000
1700 42500
1800 44400
1900 66200
2000 47700
2100 52800
2200 107700
2300 57900
2400 113400
2500 65900
2600 63100
2700 67900
2800 67900
2900 78500
3000 81900
3100 103200
3200 83200
3300 107100
3400 102200
3500 108500
3600 111900
3700 107400
3800 117900
3900 118900
4000 128800
4100 129200
4200 297500
4300 130900
4400 134100
4500 286200
4600 149100
4700 139400
4800 393500
4900 147700
5000 151800
5100 310300
5200 311900
5300 317800
5400 159200
5500 159200
5600 301600
5700 167500
5800 301000
5900 289900
6000 347900
6100 246600
6200 347900
6300 1691600
6400 384700
6500 229500
6600 233600
6700 281400
6800 258500
6900 244700
7000 247600
7100 253500
7200 249700
7300 261400
7400 263200
7500 257400
7600 276400
7700 269800
7800 649400
7900 317800
8000 482100
8100 280300
8200 290500
8300 337000
8400 298100
8500 327000
8600 313600
8700 298500
8800 303500
8900 311100
9000 745900
9100 315800
9200 594700
9300 315700
9400 323400
9500 608500
9600 326400
9700 350800
9800 979300
9900 1061600
10000 1220600
10100 994300
10200 1037500
10300 987000
10400 1052400
10500 462600
10600 891200
10700 2059000
10800 2264400
10900 1131300
11000 1125300
11100 1116300
11200 1008000
11300 1288900
11400 1183700
11500 1399300
11600 1131600
11700 1233500
11800 1176800
11900 1151400
12000 567400
12100 1167300
12200 1320200
12300 1277200
12400 1209600
12500 1247600
12600 1347700
12700 1246900
12800 923300
12900 1275800
13000 1438900
13100 1457000
13200 1464100
13300 1221500
13400 1481900
13500 1578200
13600 1604600
13700 1501000
13800 878500
13900 1524200
14000 1580600
14100 1672200
14200 1597000
14300 1810200
14400 1603700
14500 1612800
14600 1582800
14700 1678000
14800 1594700
14900 1707200
15000 1029100
15100 1659600
15200 1736200
15300 1680600
15400 1717000
15500 1053300
15600 1744800
15700 1809800
15800 963500
15900 1792800
16000 1782300
16100 873500
16200 1777600
16300 1899100
16400 1879600
16500 3536700
16600 1641000
16700 1880300
16800 1903100
16900 1897500
17000 1913100
17100 1972900
17200 1916500
17300 1928900
17400 1991700
17500 1966800
17600 2036900
17700 1988800
17800 1054200
17900 1523300
18000 2038600
18100 2062900
18200 2219300
18300 2135700
18400 2164900
18500 2392100
18600 2344300
18700 2155100
18800 2197600
18900 4518000
19000 2109000
19100 1810800
19200 2134700
19300 2414500
19400 2185800
19500 1546600
19600 2147600
19700 2279300
19800 2242100
19900 2228500
20000 2216400
20100 4307600
20200 2020200
20300 1629600
20400 2253300
20500 2354400
20600 4272000
20700 3494300
20800 2288600
20900 14596400
21000 4526500
21100 2866400
21200 4749400
21300 5413700
21400 4413300
21500 5006800
21600 4922900
21700 4959400
21800 2124400
21900 2788200
22000 2604300
22100 2433500
22200 2458200
22300 2460300
22400 2374600
22500 2517000
22600 2510300
22700 2547300
22800 2673800
22900 4926300
23000 2502100
23100 2129200
23200 2573600
23300 1704500
23400 2691600
23500 2769200
23600 2618500
23700 2634700
23800 2593600
23900 2629900
24000 2620800
24100 2700300
24200 2658900
24300 2695300
24400 2752200
24500 1755500
24600 2711500
24700 1711700
24800 2780100
24900 1856800
25000 2155600
25100 3342900
25200 1378300
25300 3122800
25400 2971500
25500 3175900
25600 5522600
25700 3102400
25800 3247000
25900 3185400
26000 3275700
26100 3227700
26200 3228400
26300 2058700
26400 3329800
26500 3695900
26600 3289600
26700 3302000
26800 3172500
26900 3533700
27000 1808100
27100 1672400
27200 3459600
27300 2395200
27400 3858400
27500 3477300
27600 3583700
27700 3440900
27800 3432800
27900 3723800
28000 5305400
28100 4247700
28200 3977000
28300 4537600
28400 3521500
28500 3552800
28600 3551500
28700 3577900
28800 3596200
28900 3720500
29000 3668800
29100 3871100
29200 6109800
29300 2909900
29400 6728700
29500 4043200
29600 3683500
29700 7202800
29800 3826200
29900 3677800
30000 7033500
30100 3768800
30200 7210800
30300 1814100
30400 1397100
30500 1373900
30600 1342200
30700 1378300
30800 1671100
30900 1339000
31000 1527600
31100 1442600
31200 1380200
31300 1417300
31400 2056800
31500 1371200
31600 2091900
31700 1415400
31800 1408000
31900 1806400
32000 1752000
32100 1417300
32200 1398500
32300 1434200
32400 2398600
32500 1420400
32600 1407500
32700 1433000
32800 1437900
32900 1446400
33000 1506200
33100 1460900
33200 1619000
33300 1779600
33400 1473100
33500 1475800
33600 1495500
33700 1549800
33800 1553200
33900 2500200
34000 1597300
34100 1554100
34200 1610700
34300 2547400
34400 1549500
34500 1580500
34600 1512600
34700 1538900
34800 1538200
34900 1567300
35000 1589800
35100 1553100
35200 1556400
35300 1566700
35400 2373200
35500 3898700
35600 1598200
35700 1593300
35800 1678000
35900 1682900
36000 1652600
36100 1589300
36200 2090400
36300 2693600
36400 1599200
36500 2299400
36600 2057300
36700 1603700
36800 1596800
36900 1601900
37000 1604800
37100 1733100
37200 1694700
37300 1616800
37400 1674700
37500 1631300
37600 1640800
37700 2111100
37800 1654100
37900 1701900
38000 1813700
38100 1652600
38200 1666700
38300 1675300
38400 1688000
38500 1702400
38600 1701900
38700 1681300
38800 2056200
38900 1688500
39000 1692300
39100 1692400
39200 2422600
39300 1720200
39400 1715700
39500 1730600
39600 1741600
39700 1747500
39800 1765800
39900 1799500
40000 1807600
40100 2914700
40200 1778800
40300 2263000
40400 1831900
40500 1827100
40600 1815400
40700 2349400
40800 1835100
40900 1796800
41000 1783800
41100 1858000
41200 1808500
41300 2248000
41400 1819500
41500 1818300
41600 2643700
41700 2159500
41800 2027400
41900 1850300
42000 1916400
42100 1871000
42200 1888700
42300 1871000
42400 1943400
42500 1883000
42600 2144200
42700 1892400
42800 1978500
42900 1885200
43000 3115800
43100 1888000
43200 1990400
43300 2137700
43400 1911300
43500 1910600
43600 1923800
43700 1931800
43800 1982200
43900 2008000
44000 1951300
44100 1930000
44200 1989600
44300 1996000
44400 1945100
44500 1996100
44600 1998900
44700 1965800
44800 1954500
44900 1970500
45000 2018100
45100 1973100
45200 1982400
45300 1980200
45400 1976100
45500 2255900
45600 2013400
45700 2053700
45800 5449800
45900 2011300
46000 2008800
46100 2011100
46200 2094900
46300 2017500
46400 2097900
46500 3204300
46600 2080600
46700 2209100
46800 2059800
46900 2077000
47000 2162700
47100 2088300
47200 2142100
47300 2142500
47400 2133800
47500 2128500
47600 2343000
47700 2089200
47800 2147400
47900 2120100
48000 2122300
48100 2150700
48200 2139400
48300 2196000
48400 2262200
48500 2178600
48600 2154900
48700 2173500
48800 2892800
48900 2657200
49000 2585100
49100 2291600
49200 3010100
49300 2167100
49400 2178700
49500 2236500
49600 2175500
49700 4257300
49800 2187900
49900 2500900
50000 4399800
50100 2289500
50200 2262700
50300 2229600
50400 2599600
50500 2210900
50600 4300900
50700 2596100
50800 2505900
50900 3920700
51000 2404300
51100 2349400
51200 2329400
51300 2355800
51400 3896000
51500 2542200
51600 3851200
51700 2618100
51800 2549300
51900 2541500
52000 2585700
52100 2554300
52200 2584200
52300 2581200
52400 2628200
52500 3521200
52600 2598700
52700 2937700
52800 2788000
52900 2602200
53000 5282100
53100 2633600
53200 4224200
53300 2692200
53400 2619500
53500 2665300
53600 2663300
53700 2619000
53800 3751400
53900 5754600
54000 2667200
54100 2733700
54200 2703000
54300 2650600
54400 2635100
54500 2652700
54600 3696600
54700 2700800
54800 2720300
54900 2672300
55000 2706300
55100 2744800
55200 3115800
55300 2699700
55400 2706400
55500 2734500
55600 3131500
55700 2730700
55800 2752500
55900 2710000
56000 2722300
56100 2784600
56200 2730900
56300 2773700
56400 2758500
56500 2808400
56600 2888700
56700 3056500
56800 2760000
56900 2812000
57000 2974000
57100 4391700
57200 2760700
57300 2908900
57400 2807600
57500 2788800
57600 2855100
57700 2843800
57800 2813100
57900 5840600
58000 2840000
58100 2960400
58200 3513500
58300 2883100
58400 4031800
58500 3488200
58600 3155700
58700 3142500
58800 2914900
58900 2925500
59000 2919400
59100 2989900
59200 5043600
59300 3603900
59400 3054100
59500 3019600
59600 5252300
59700 2945200
59800 3170600
59900 3378500
60000 3012200
60100 2965100
60200 3470700
60300 3067000
60400 3496000
60500 2982200
60600 2956800
60700 4830500
60800 3380200
60900 2982300
61000 3068800
61100 3022600
61200 3213700
61300 3016900
61400 3004600
61500 2989300
61600 3435100
61700 3048000
61800 3233800
61900 3170800
62000 3120300
62100 3045900
62200 3422000
62300 3073000
62400 3088000
62500 3133600
62600 5555700
62700 3205800
62800 5399500
62900 3728800
63000 5556500
63100 3388300
63200 3098600
63300 3093100
63400 3168800
63500 3107800
63600 3163400
63700 3213800
63800 3144100
63900 3791400
64000 3139900
64100 3530200
64200 3228800
64300 3458100
64400 3597000
64500 3186200
64600 3148900
64700 4004900
64800 4171200
64900 3178100
65000 3300400
65100 3186700
65200 3647400
65300 3201900
65400 3261200
65500 3247600
65600 3247000
65700 3262300
65800 3223600
65900 3726000
66000 3225900
66100 3326100
66200 3385300
66300 3270600
66400 3628500
66500 3313600
66600 3262600
66700 3282800
66800 3344200
66900 3325300
67000 6425300
67100 3556400
67200 3327700
67300 3348600
67400 3468900
67500 3623800
67600 3351900
67700 3320200
67800 3727000
67900 3398600
68000 3466200
68100 3370300
68200 3472600
68300 3647300
68400 3390600
68500 3917700
68600 3409200
68700 3669400
68800 3712600
68900 3667200
69000 3707300
69100 6927200
69200 3443400
69300 3741800
69400 3391200
69500 3395000
69600 3456000
69700 3409400
69800 3627600
69900 3690600
70000 3446900
70100 4272200
70200 6923600
70300 3718000
70400 3467600
70500 4840800
70600 3513600
70700 4363400
70800 3763400
70900 3678200
71000 3530900
71100 3618400
71200 3523200
71300 3491200
71400 3896000
71500 3527600
71600 3526700
71700 3618000
71800 3514400
71900 3598900
72000 3804100
72100 3565500
72200 3615000
72300 5511000
72400 3556100
72500 3532900
72600 3555800
72700 3559600
72800 4760100
72900 3559400
73000 3562700
73100 3566500
73200 4034200
73300 3584200
73400 3589200
73500 3660500
73600 3627400
73700 3607800
73800 3587900
73900 3678600
74000 3810400
74100 3646800
74200 3619800
74300 4865700
74400 3702200
74500 3658300
74600 4076800
74700 3711100
74800 3653800
74900 6246300
75000 3664900
75100 3722300
75200 3656300
75300 3705900
75400 3705800
75500 3735500
75600 3690700
75700 3728200
75800 3743700
75900 4580800
76000 4482100
76100 3721700
76200 4032700
76300 5431100
76400 3763700
76500 3798400
76600 3746500
76700 6772300
76800 3780500
76900 3809800
77000 4422200
77100 3922100
77200 5084200
77300 3760300
77400 3775900
77500 3792100
77600 3862600
77700 3904800
77800 3796800
77900 3847100
78000 3845300
78100 3798100
78200 5385000
78300 3847200
78400 3884300
78500 5885500
78600 6406000
78700 3902400
78800 3871300
78900 3926100
79000 3961900
79100 3857400
79200 3872000
79300 3991700
79400 3888500
79500 3860700
79600 3862500
79700 4513300
79800 4036700
79900 3926700
80000 3936800
80100 6237200
80200 3916700
80300 3967500
80400 4081200
80500 3928800
80600 3922300
80700 4419100
80800 3924500
80900 3978300
81000 3948700
81100 4013800
81200 6275400
81300 4398500
81400 4443400
81500 4176700
81600 4204700
81700 4057200
81800 4042500
81900 4051500
82000 3980200
82100 4468200
82200 3987000
82300 4257700
82400 4008900
82500 3985300
82600 4749900
82700 4036900
82800 4088400
82900 4070400
83000 4024800
83100 4076700
83200 4233400
83300 4034700
83400 4047800
83500 4159600
83600 4106200
83700 4107700
83800 5642400
83900 6996900
84000 4059000
84100 4242100
84200 4184200
84300 4164100
84400 4090300
84500 5306100
84600 4152200
84700 4113400
84800 5051700
84900 6256600
85000 4171900
85100 4263000
85200 4154600
85300 4202100
85400 4384700
85500 4586600
85600 4191900
85700 7709300
85800 4168900
85900 4466500
86000 4178900
86100 4367300
86200 4225500
86300 4272400
86400 4669100
86500 4302300
86600 4359000
86700 4293300
86800 4715100
86900 4289600
87000 5706400
87100 4548600
87200 4777500
87300 4312400
87400 4594900
87500 4383800
87600 7461500
87700 4290700
87800 4308700
87900 4308600
88000 4595600
88100 4305300
88200 4576400
88300 4416400
88400 4333300
88500 4404600
88600 4450700
88700 4350100
88800 6771900
88900 5093100
89000 4977400
89100 5559400
89200 4377700
89300 4398900
89400 4441700
89500 4408900
89600 4385300
89700 4444400
89800 4476800
89900 5384600
90000 4402800
90100 4476700
90200 6021800
90300 6581800
90400 4489000
90500 9177700
90600 4457500
90700 4451900
90800 4521100
90900 8422200
91000 4511100
91100 5606900
91200 4480000
91300 4919900
91400 4474100
91500 4485800
91600 4587500
91700 10608400
91800 4933200
91900 4514600
92000 4513600
92100 4509300
92200 4577900
92300 4737600
92400 6422200
92500 4514900
92600 4520200
92700 4497700
92800 4628900
92900 4686000
93000 4516300
93100 4501300
93200 4504700
93300 4837400
93400 5006300
93500 6587700
93600 4738600
93700 4800600
93800 4624500
93900 5474600
94000 4693500
94100 4715300
94200 4791900
94300 4607500
94400 4587900
94500 4725500
94600 5201600
94700 4618400
94800 4565700
94900 4690700
95000 4614600
95100 4816700
95200 4624800
95300 4579700
95400 4770100
95500 4593100
95600 4642100
95700 5160500
95800 7714000
95900 4616500
96000 4601600
96100 11716100
96200 4633400
96300 4900500
96400 4855600
96500 4743800
96600 4813800
96700 5039400
96800 4941300
96900 4728700
97000 4719500
97100 5199700
97200 4751000
97300 4889200
97400 4709500
97500 4875000
97600 4812500
97700 5137100
97800 7908100
97900 4809700
98000 5008600
98100 5157400
98200 4874100
98300 5198500
98400 4884000
98500 4801000
98600 5012700
98700 5091000
98800 5387800
98900 10148000
99000 6081200
99100 4879200
99200 4925100
99300 4848000
99400 4926100
99500 4885500
99600 5557500
99700 4807000
99800 4960500
99900 5277700
100000 5194500
