500 33800
600 47100
700 56800
800 62000
900 123200
1000 213000
1100 75300
1200 76600
1300 88100
1400 178500
1500 218700
1600 129300
1700 126100
1800 134800
1900 133300
2000 151700
2100 143600
2200 155900
2300 152800
2400 153200
2500 153900
2600 172900
2700 201700
2800 243500
2900 240300
3000 260900
3100 262900
3200 250300
3300 266500
3400 259600
3500 269800
3600 270700
3700 268900
3800 286000
3900 282800
4000 287000
4100 292700
4200 298800
4300 355400
4400 302500
4500 634600
4600 332800
4700 323900
4800 623200
4900 622200
5000 396000
5100 659000
5200 1068500
5300 773200
5400 415800
5500 462400
5600 1083300
5700 477200
5800 500800
5900 1302400
6000 958000
6100 976800
6200 980500
6300 572100
6400 866300
6500 717800
6600 527200
6700 978500
6800 552500
6900 580200
7000 575700
7100 577300
7200 576700
7300 580800
7400 837700
7500 588600
7600 601100
7700 633100
7800 732500
7900 615600
8000 604000
8100 624300
8200 618500
8300 637200
8400 634300
8500 647900
8600 656300
8700 656300
8800 677200
8900 1185500
9000 678200
9100 1185200
9200 746200
9300 686900
9400 680000
9500 695600
9600 732100
9700 711700
9800 1554600
9900 2405500
10000 3956000
10100 3440600
10200 1289800
10300 2062000
10400 2386200
10500 2320700
10600 2544200
10700 5224600
10800 2580800
10900 2687300
11000 2536900
11100 2783100
11200 2715400
11300 2354000
11400 2908000
11500 2488100
11600 2939000
11700 3098300
11800 2989900
11900 1511300
12000 2693400
12100 3370900
12200 3092400
12300 3071200
12400 3227700
12500 3230000
12600 3143500
12700 3555300
12800 2447100
12900 3203100
13000 6918500
13100 3287100
13200 2579100
13300 3333400
13400 3320400
13500 5894000
13600 3464300
13700 3331000
13800 3070000
13900 3342500
14000 3330000
14100 3808400
14200 3308100
14300 3516200
14400 5311700
14500 3465500
14600 3843500
14700 2437000
14800 3502100
14900 3502800
15000 2659500
15100 3571700
15200 3759800
15300 1851500
15400 3820500
15500 3656600
15600 3462000
15700 3652300
15800 3675700
15900 3746100
16000 8878700
16100 3719000
16200 3812000
16300 4013400
16400 3799300
16500 2952400
16600 4138400
16700 3877200
16800 3946800
16900 3950200
17000 3906600
17100 3283200
17200 3978800
17300 3888700
17400 3951600
17500 3926600
17600 4036200
17700 4054000
17800 4228700
17900 3998300
18000 4594400
18100 3813700
18200 2125500
18300 4053000
18400 4393800
18500 4136200
18600 4138700
18700 4274000
18800 8164900
18900 4188000
19000 3732500
19100 4278800
19200 4324800
19300 2116300
19400 4368400
19500 4268400
19600 4337500
19700 4345400
19800 4424600
19900 4362600
20000 4272300
20100 4329300
20200 4483400
20300 4722600
20400 4690200
20500 4480800
20600 8656200
20700 7212400
20800 4016700
20900 8707100
21000 5679200
21100 9701700
21200 4998500
21300 5114800
21400 8989800
21500 10789500
21600 9656100
21700 5802400
21800 5545600
21900 5699100
22000 4402400
22100 5747300
22200 5513600
22300 4759600
22400 5902000
22500 5921100
22600 5690000
22700 6351100
22800 8987000
22900 6283900
23000 6232700
23100 6177100
23200 6433900
23300 5990500
23400 3281800
23500 6343100
23600 6702300
23700 11191900
23800 6205900
23900 6674700
24000 3878800
24100 6372100
24200 3729900
24300 3349200
24400 6469600
24500 6622000
24600 6584600
24700 10976300
24800 6597900
24900 6645500
25000 6651100
25100 6644200
25200 6702000
25300 4930600
25400 6778600
25500 5958800
25600 6614200
25700 7053400
25800 6688000
25900 5681600
26000 10175800
26100 6446700
26200 6204100
26300 6413700
26400 6720000
26500 6797700
26600 7525300
26700 7269200
26800 6755100
26900 6057000
27000 11704800
27100 6682500
27200 7143300
27300 7102600
27400 9180400
27500 7016500
27600 6500800
27700 6553400
27800 7151500
27900 7696200
28000 6327500
28100 4749400
28200 6662500
28300 7120500
28400 7366000
28500 7088600
28600 7198000
28700 8782500
28800 6212700
28900 7518900
29000 7572100
29100 13593900
29200 7700100
29300 7464400
29400 14837500
29500 13451600
29600 9008600
29700 7424300
29800 10189400
29900 9905300
30000 4313800
30100 5406200
30200 13922100
30300 2664200
30400 5047100
30500 2801800
30600 2707000
30700 2704100
30800 2840400
30900 2744200
31000 3105600
31100 2748500
31200 2710200
31300 2683600
31400 2720200
31500 2771100
31600 2888800
31700 2705900
31800 2747600
31900 2746300
32000 2749900
32100 2762200
32200 2736200
32300 2808100
32400 2851400
32500 4126900
32600 3990700
32700 3225600
32800 3254100
32900 2950500
33000 2931300
33100 3121400
33200 3355600
33300 2873400
33400 2883000
33500 2904500
33600 2928000
33700 2894600
33800 2883100
33900 2932200
34000 12742900
34100 2972800
34200 3146000
34300 2892200
34400 2902100
34500 3821400
34600 3070400
34700 2943400
34800 3286400
34900 2959000
35000 3343900
35100 2983200
35200 2961900
35300 3034200
35400 2972600
35500 3322500
35600 3043100
35700 3267000
35800 3453100
35900 3121900
36000 4273100
36100 3797400
36200 3286700
36300 3680600
36400 3015700
36500 3051900
36600 3119600
36700 4127500
36800 3084000
36900 3047200
37000 3050900
37100 3120500
37200 3070800
37300 3318900
37400 3318700
37500 5954500
37600 3147400
37700 3377600
37800 3494600
37900 3096500
38000 3153500
38100 3159500
38200 3191800
38300 4002700
38400 3186400
38500 3164100
38600 3194500
38700 3187800
38800 3148700
38900 3183000
39000 3243200
39100 3514800
39200 3187200
39300 3413800
39400 3913100
39500 3271000
39600 3275200
39700 3287600
39800 3263400
39900 5268500
40000 3284900
40100 3492200
40200 3313300
40300 3543700
40400 3326000
40500 3321400
40600 4118900
40700 3341800
40800 8330200
40900 3441600
41000 4874300
41100 3368500
41200 3687300
41300 3626800
41400 3452900
41500 3464800
41600 3719600
41700 3574200
41800 4654300
41900 3658600
42000 3752800
42100 3701300
42200 4299100
42300 3761800
42400 3773500
42500 3834600
42600 3810500
42700 3886600
42800 3927100
42900 4175900
43000 3906300
43100 3977800
43200 4105600
43300 4195200
43400 4068300
43500 4182900
43600 4144100
43700 4207100
43800 4206800
43900 4404800
44000 4452100
44100 4660400
44200 4540600
44300 6432000
44400 4389800
44500 5155600
44600 4755500
44700 4607000
44800 6056900
44900 4900000
45000 4472000
45100 4500700
45200 4538400
45300 4534200
45400 4821900
45500 4567600
45600 4544500
45700 4997600
45800 4840700
45900 4649700
46000 5171900
46100 4653900
46200 4583500
46300 4600500
46400 4631800
46500 4621300
46600 4924100
46700 4774100
46800 5944100
46900 4645700
47000 4771500
47100 4695500
47200 5784400
47300 4762000
47400 7693900
47500 4756100
47600 4728700
47700 4717900
47800 4790500
47900 4772600
48000 4802500
48100 4790300
48200 4940100
48300 4809200
48400 9269300
48500 5438900
48600 4965400
48700 5413200
48800 4852900
48900 6513200
49000 5461300
49100 4810700
49200 6728700
49300 5043700
49400 4901200
49500 11029600
49600 5035700
49700 5107300
49800 4912100
49900 5365300
50000 5533000
50100 4939000
50200 4942000
50300 10197200
50400 5977300
50500 4908800
50600 4896000
50700 5058400
50800 5459000
50900 5702400
51000 9812700
51100 5637100
51200 5374800
51300 5032800
51400 8055600
51500 5359200
51600 5592500
51700 5390700
51800 5372800
51900 6551900
52000 8128100
52100 5354600
52200 5038600
52300 5069600
52400 5260500
52500 5089000
52600 7125900
52700 5089600
52800 7209800
52900 5184000
53000 5099500
53100 5448700
53200 5194700
53300 5087400
53400 5416800
53500 6117400
53600 9233400
53700 5141300
53800 5156000
53900 5485000
54000 5191600
54100 5233000
54200 5414300
54300 11360700
54400 5290900
54500 5258100
54600 5899900
54700 5768200
54800 5245200
54900 5264200
55000 10983100
55100 5305400
55200 5284300
55300 5610900
55400 5370000
55500 5316400
55600 5351400
55700 5305700
55800 5457300
55900 5735000
56000 5430100
56100 5388500
56200 5587700
56300 7245400
56400 5378600
56500 5670300
56600 9968500
56700 5401100
56800 5453500
56900 5506100
57000 5430900
57100 5399500
57200 5363900
57300 5407000
57400 5773500
57500 5469800
57600 8987600
57700 5435800
57800 5970700
57900 5438700
58000 5486600
58100 6007300
58200 5468900
58300 5608000
58400 5809900
58500 6063700
58600 5665700
58700 5684000
58800 6202100
58900 5531600
59000 5609000
59100 6511700
59200 5575300
59300 12878800
59400 5628800
59500 5612600
59600 6129400
59700 5554200
59800 5879800
59900 5834100
60000 5928000
60100 6513400
60200 6281200
60300 5718900
60400 5925400
60500 5686500
60600 5840400
60700 5595300
60800 6020100
60900 5786300
61000 5954400
61100 11247600
61200 15983900
61300 5698700
61400 5674300
61500 5748600
61600 6050100
61700 6048500
61800 7228200
61900 5744100
62000 5859700
62100 8898600
62200 5809000
62300 6104200
62400 6276700
62500 6367800
62600 5885300
62700 5786900
62800 10175200
62900 5796200
63000 6280900
63100 6631500
63200 6822100
63300 6271500
63400 8745700
63500 9519400
63600 5870700
63700 5886100
63800 5891500
63900 5818600
64000 5964700
64100 5880700
64200 8869900
64300 5880000
64400 5892900
64500 5894400
64600 7653600
64700 7322000
64800 6118900
64900 5924100
65000 5872400
65100 6489500
65200 5989200
65300 6123500
65400 5911800
65500 6608800
65600 5919300
65700 6058500
65800 6874700
65900 6003400
66000 6201500
66100 6059300
66200 6653400
66300 6783600
66400 6935000
66500 12151700
66600 6950300
66700 6062600
66800 7200300
66900 6054400
67000 6190100
67100 11623900
67200 6573100
67300 6395400
67400 6038500
67500 7731900
67600 6072000
67700 6278200
67800 6401500
67900 6368300
68000 10640700
68100 6482000
68200 12926400
68300 6459500
68400 6211200
68500 6523900
68600 6161500
68700 6846000
68800 6176000
68900 8527900
69000 6489400
69100 6540200
69200 6244500
69300 6180500
69400 6402100
69500 10395900
69600 6346900
69700 6703000
69800 6332400
69900 6296400
70000 6281300
70100 6391300
70200 6551700
70300 6463800
70400 6379100
70500 6549800
70600 9797900
70700 11623200
70800 6848200
70900 6621600
71000 10337800
71100 6345300
71200 6810400
71300 6479500
71400 6951100
71500 15534900
71600 6351300
71700 6399600
71800 6523500
71900 6409100
72000 6399100
72100 6414200
72200 8131100
72300 6684000
72400 6476600
72500 6394200
72600 7037700
72700 7182700
72800 6381900
72900 6476100
73000 9085600
73100 7232700
73200 6500400
73300 6491200
73400 7089600
73500 8882800
73600 6466900
73700 6495000
73800 6531300
73900 7046600
74000 7339900
74100 6569500
74200 6474900
74300 6614200
74400 6558100
74500 6613100
74600 7069900
74700 8354000
74800 6802700
74900 6781300
75000 6537400
75100 6579300
75200 6573500
75300 7047500
75400 6611900
75500 6984700
75600 7169800
75700 6698800
75800 6713800
75900 6656600
76000 7057000
76100 6636600
76200 6877400
76300 7325500
76400 6723400
76500 6772600
76600 7037500
76700 6636700
76800 6897500
76900 6710600
77000 6683100
77100 6756200
77200 6738700
77300 7108300
77400 9713200
77500 6884300
77600 9421600
77700 6695700
77800 10692300
77900 7168400
78000 6760700
78100 6855900
78200 7371200
78300 7003300
78400 6801600
78500 7173900
78600 7355600
78700 7111900
78800 7203900
78900 6850500
79000 6803700
79100 6777300
79200 7212400
79300 7267400
79400 7037400
79500 6928200
79600 7565400
79700 7002900
79800 7594600
79900 13725800
80000 7467600
80100 6971700
80200 7066400
80300 7112600
80400 7281100
80500 8796900
80600 7168300
80700 7370600
80800 7134200
80900 7055200
81000 6928300
81100 7061300
81200 7267600
81300 7394300
81400 7011600
81500 7350300
81600 12440300
81700 7022900
81800 6987300
81900 7013500
82000 7123700
82100 7922000
82200 7168400
82300 7398600
82400 7167100
82500 7234500
82600 11645600
82700 7420400
82800 7338000
82900 7646000
83000 7722900
83100 7438100
83200 7382200
83300 11748000
83400 9867000
83500 7622600
83600 7621900
83700 8647900
83800 7589200
83900 7617600
84000 9179500
84100 8520300
84200 7880300
84300 7830500
84400 7808600
84500 7773800
84600 8182600
84700 10642600
84800 7915700
84900 7981900
85000 10844900
85100 7987000
85200 8061800
85300 8306600
85400 8408600
85500 8207900
85600 8204300
85700 8481600
85800 8525200
85900 8336300
86000 8329500
86100 8396000
86200 8468900
86300 8888700
86400 8687200
86500 8499500
86600 9814000
86700 8614900
86800 8788000
86900 8626400
87000 8808000
87100 9282700
87200 9030100
87300 8738700
87400 8831300
87500 9355900
87600 9282300
87700 8818300
87800 9548000
87900 8923900
88000 8939900
88100 9109500
88200 9258000
88300 9843400
88400 10042000
88500 9766900
88600 9079000
88700 9275400
88800 9078400
88900 9858200
89000 9380900
89100 9334900
89200 9775000
89300 11229700
89400 9804700
89500 9793300
89600 9866500
89700 10013900
89800 9316200
89900 9602300
90000 9514200
90100 9480500
90200 15276900
90300 9527300
90400 19463700
90500 18167900
90600 10621500
90700 9706600
90800 17268500
90900 20370500
91000 12853200
91100 9554000
91200 10006300
91300 9601000
91400 9610100
91500 11890900
91600 11718800
91700 9728700
91800 10612000
91900 9869500
92000 9689800
92100 9708300
92200 10007600
92300 9677400
92400 9970200
92500 9664800
92600 10243000
92700 16460300
92800 10132000
92900 10995500
93000 10179600
93100 9733600
93200 9918800
93300 10220800
93400 9671100
93500 10092400
93600 10596400
93700 10106200
93800 9754600
93900 11505700
94000 9769300
94100 9909800
94200 10379000
94300 11136200
94400 13110500
94500 9893100
94600 10173400
94700 10376000
94800 10354600
94900 9810700
95000 10110900
95100 11464700
95200 9866300
95300 9970200
95400 10308300
95500 9895600
95600 12821900
95700 10200600
95800 10283100
95900 10310500
96000 9913500
96100 10029600
96200 10466900
96300 10243700
96400 10239100
96500 9877600
96600 11362500
96700 10942100
96800 10564200
96900 10018300
97000 10652200
97100 10372300
97200 14696800
97300 10145800
97400 10074000
97500 11015300
97600 10152900
97700 10523800
97800 10177400
97900 10150000
98000 10898100
98100 10618400
98200 10599800
98300 10097200
98400 10620300
98500 10317500
98600 10129200
98700 10542800
98800 10760500
98900 15878700
99000 10395500
99100 10620400
99200 10612300
99300 10547700
99400 18123600
99500 10237100
99600 10393600
99700 10626400
99800 10757800
99900 10614100
100000 10499000
