500 174100
600 276500
700 221300
800 331400
900 192000
1000 464700
1100 435200
1200 362400
1300 355900
1400 487300
1500 883600
1600 667500
1700 344300
1800 359800
1900 524600
2000 442600
2100 480600
2200 983100
2300 567000
2400 881300
2500 650900
2600 699700
2700 764200
2800 799200
2900 928200
3000 1166600
3100 1057100
3200 1183400
3300 635100
3400 661400
3500 712400
3600 720500
3700 770600
3800 831200
3900 841500
4000 880500
4100 951600
4200 1069100
4300 1009800
4400 1070700
4500 2137900
4600 1321500
4700 1196900
4800 2164200
4900 1454400
5000 1384600
5100 1380300
5200 3066200
5300 2704000
5400 2545100
5500 3550500
5600 3309300
5700 2001600
5800 3145200
5900 2016100
6000 3811400
6100 3087600
6200 3345300
6300 8520200
6400 2631400
6500 1594600
6600 1568600
6700 1479600
6800 1471300
6900 1389800
7000 1617000
7100 1442200
7200 1731800
7300 1813100
7400 1546600
7500 1655600
7600 1718600
7700 1660600
7800 2280200
7900 2116600
8000 2108800
8100 1848500
8200 2286200
8300 2169000
8400 1954100
8500 2242300
8600 2586200
8700 2086500
8800 2130100
8900 2216400
9000 2210700
9100 2285700
9200 3196000
9300 2658400
9400 2418200
9500 4769600
9600 3001500
9700 2622900
9800 5458000
9900 6896800
10000 7487800
10100 7663100
10200 7808900
10300 7334200
10400 7117600
10500 6271500
10600 7623300
10700 11788300
10800 12852700
10900 6989900
11000 6221000
11100 9157800
11200 8090800
11300 9625500
11400 8828700
11500 9351000
11600 9780400
11700 9541400
11800 10463100
11900 10240900
12000 5365200
12100 10470200
12200 11818700
12300 11331700
12400 14035100
12500 11495300
12600 11106500
12700 11393700
12800 9719600
12900 7163400
13000 7933400
13100 5887100
13200 7348900
13300 6210400
13400 7608900
13500 7443300
13600 7775700
13700 7639300
13800 4632400
13900 8012000
14000 7488400
14100 8201900
14200 8379800
14300 7870100
14400 8528500
14500 6969500
14600 9085100
14700 9260200
14800 7203300
14900 8981100
15000 8877100
15100 9746000
15200 9541300
15300 8594300
15400 9885400
15500 9615600
15600 9858700
15700 10437300
15800 9986300
15900 10222000
16000 11052200
16100 12053900
16200 10987800
16300 10734800
16400 7718400
16500 15793000
16600 11920900
16700 12009700
16800 10736900
16900 11274500
17000 12175300
17100 11907800
17200 10593900
17300 14692500
17400 12058600
17500 16126600
17600 11653100
17700 12515600
17800 11508300
17900 11675400
18000 14585100
18100 12990900
18200 11751500
18300 13265200
18400 13348000
18500 13347300
18600 12369200
18700 13306200
18800 11436100
18900 25800000
19000 13007200
19100 12254300
19200 14227100
19300 14135600
19400 11798000
19500 9877600
19600 14716300
19700 14100800
19800 14931700
19900 15588200
20000 14682300
20100 23790000
20200 16043000
20300 16029500
20400 15781200
20500 15699800
20600 31302000
20700 20401600
20800 17091300
20900 27402100
21000 29292000
21100 25334400
21200 30758400
21300 29157900
21400 20927100
21500 31264100
21600 27541900
21700 33871100
21800 18462600
21900 18005600
22000 18754600
22100 18882700
22200 17672100
22300 18183600
22400 19406100
22500 19016600
22600 19123400
22700 19777500
22800 24435400
22900 27292700
23000 19800500
23100 20622100
23200 13298000
23300 12252900
23400 18861900
23500 20594500
23600 20609300
23700 20446600
23800 21534100
23900 21569300
24000 19495800
24100 20489600
24200 21047900
24300 22274100
24400 19645300
24500 21209300
24600 22301000
24700 24791200
24800 23207000
24900 21938500
25000 23335900
25100 22527500
25200 18633900
25300 20018100
25400 22620400
25500 24193600
25600 33280000
25700 14678600
25800 14335900
25900 14772300
26000 14633700
26100 14392800
26200 14333600
26300 9460600
26400 14742500
26500 21029500
26600 12075300
26700 15286500
26800 15513300
26900 9977300
27000 8882700
27100 12248100
27200 16023200
27300 14639200
27400 11438200
27500 17184500
27600 16340300
27700 16467500
27800 16092800
27900 16681100
28000 16859600
28100 13697500
28200 16936100
28300 17414100
28400 16836100
28500 17442600
28600 17420200
28700 17448000
28800 17127100
28900 20246400
29000 18038500
29100 21023800
29200 23796300
29300 17198300
29400 19446100
29500 27012100
29600 27434400
29700 22736500
29800 39203700
29900 18747000
30000 27328300
30100 23246000
30200 30072700
30300 8579800
30400 7934300
30500 7250700
30600 8495500
30700 7174600
30800 7630400
30900 6878800
31000 7035300
31100 7027000
31200 7104500
31300 8977400
31400 11745600
31500 7715100
31600 8241000
31700 7327300
31800 7457500
31900 7519400
32000 7409600
32100 7448300
32200 7844200
32300 8563100
32400 12206800
32500 8752000
32600 7785600
32700 8786900
32800 7738900
32900 7832700
33000 7793700
33100 8383500
33200 7967200
33300 8003300
33400 9528800
33500 8106600
33600 8909100
33700 9115100
33800 8120100
33900 9166400
34000 8442600
34100 8788900
34200 8755400
34300 12937400
34400 8603500
34500 9162800
34600 9093700
34700 9595900
34800 8562800
34900 8928300
35000 8706400
35100 8866200
35200 8952300
35300 8837200
35400 12424800
35500 15903000
35600 9664400
35700 10455900
35800 9642400
35900 9531500
36000 9508400
36100 9212800
36200 14274800
36300 9339500
36400 9690900
36500 9395100
36600 9529600
36700 9686200
36800 9814200
36900 9577400
37000 9793300
37100 9698500
37200 9652600
37300 11264900
37400 9856700
37500 10169900
37600 10097700
37700 15281700
37800 10704500
37900 10109600
38000 10076300
38100 10344900
38200 10622700
38300 10304900
38400 10934100
38500 10575100
38600 10956700
38700 10777600
38800 10474200
38900 11235600
39000 10676700
39100 11561800
39200 13062300
39300 11069100
39400 10925500
39500 10966300
39600 11332000
39700 10878200
39800 11378300
39900 11222200
40000 11367700
40100 17160500
40200 11225700
40300 12915900
40400 11769200
40500 12772300
40600 11596000
40700 11776800
40800 11642700
40900 11691700
41000 12698200
41100 12251700
41200 11771500
41300 11692000
41400 11820300
41500 12104600
41600 18347400
41700 13736100
41800 12900800
41900 12815700
42000 12828100
42100 12310700
42200 12603900
42300 13117900
42400 12366800
42500 12998400
42600 12983400
42700 13604800
42800 13166400
42900 12815100
43000 16115500
43100 13338700
43200 13101600
43300 14153100
43400 13001500
43500 14126700
43600 16716600
43700 13533400
43800 15117600
43900 13524000
44000 13948300
44100 13870400
44200 13697400
44300 15026000
44400 14414500
44500 13801800
44600 14424100
44700 13609800
44800 15140800
44900 13991100
45000 13934700
45100 14208000
45200 13860000
45300 14594500
45400 14006700
45500 14984700
45600 14703100
45700 14672900
45800 30795100
45900 15607000
46000 14718100
46100 15247500
46200 15536900
46300 14825400
46400 15687900
46500 15065700
46600 15158700
46700 16558400
46800 14911100
46900 15605300
47000 17520600
47100 15136000
47200 15590500
47300 16020900
47400 16071100
47500 14944500
47600 17811000
47700 16348900
47800 15368900
47900 17686600
48000 15754700
48100 15520500
48200 16425400
48300 17048400
48400 15964600
48500 17465900
48600 15964900
48700 16845600
48800 17613900
48900 16132100
49000 18454800
49100 26583400
49200 16386100
49300 17070300
49400 18580000
49500 18076600
49600 17411100
49700 21298300
49800 17346700
49900 17243000
50000 28718600
50100 18529000
50200 18211800
50300 18950100
50400 18102000
50500 17455100
50600 22813000
50700 18348300
50800 17460300
50900 27449300
51000 18254300
51100 17959400
51200 17431800
51300 16039800
51400 12543900
51500 10415400
51600 11695600
51700 11115400
51800 10672400
51900 10727300
52000 10931200
52100 11601700
52200 10791100
52300 11252100
52400 10987000
52500 11127500
52600 10908800
52700 10815500
52800 11229600
52900 11106100
53000 13318300
53100 10904100
53200 12352200
53300 11180100
53400 12001300
53500 11098300
53600 12534700
53700 11342100
53800 15580300
53900 21916300
54000 11498900
54100 11605900
54200 11871000
54300 11793600
54400 12213800
54500 11833300
54600 12850700
54700 11735900
54800 12058600
54900 12303700
55000 12282700
55100 12156400
55200 12843200
55300 11973400
55400 12273100
55500 12458100
55600 11794600
55700 14124700
55800 12261600
55900 13322200
56000 12875300
56100 12498100
56200 12045600
56300 12357700
56400 12374800
56500 15650900
56600 12442500
56700 12401300
56800 13195900
56900 12941200
57000 13015700
57100 19183700
57200 12301800
57300 12720000
57400 12846000
57500 12859600
57600 12574600
57700 14267100
57800 12914900
57900 12625400
58000 12947700
58100 13254500
58200 14556600
58300 13509900
58400 15352800
58500 12955700
58600 13006200
58700 14070800
58800 13489100
58900 14745700
59000 13435000
59100 13820800
59200 26045700
59300 13409700
59400 13588700
59500 13914100
59600 13482200
59700 18817500
59800 13811500
59900 14041900
60000 13992700
60100 16371400
60200 20451200
60300 17096400
60400 14357200
60500 14133800
60600 14242600
60700 22251100
60800 13872100
60900 14605300
61000 15005700
61100 14412300
61200 19857900
61300 14991000
61400 14545600
61500 14878600
61600 14725300
61700 14590300
61800 14999500
61900 14659500
62000 14569100
62100 15618700
62200 14298800
62300 14809600
62400 14999600
62500 15562500
62600 21233400
62700 16275200
62800 15343600
62900 14891500
63000 19997800
63100 14951600
63200 15731500
63300 15197400
63400 20095200
63500 15593400
63600 15889700
63700 15487600
63800 15552000
63900 19453300
64000 15404700
64100 15203400
64200 15463600
64300 15454500
64400 15485500
64500 15677300
64600 17974800
64700 20126100
64800 23610200
64900 15704200
65000 15901300
65100 16967300
65200 15728700
65300 17100300
65400 15720200
65500 22826100
65600 18718600
65700 16094900
65800 18104500
65900 16117200
66000 17774600
66100 16969500
66200 16327200
66300 17476400
66400 17190900
66500 16743300
66600 18271000
66700 21545400
66800 16477000
66900 16852400
67000 23540000
67100 17630900
67200 16942300
67300 16935000
67400 17702400
67500 17048500
67600 16731600
67700 16941400
67800 17871200
67900 17027800
68000 17609700
68100 17689100
68200 17199700
68300 18851400
68400 17699100
68500 23248500
68600 17754000
68700 17633700
68800 17586100
68900 18468600
69000 17617300
69100 31262400
69200 19008800
69300 20448900
69400 18135000
69500 17725200
69600 20300600
69700 18548100
69800 25403300
69900 18898800
70000 17943300
70100 18334600
70200 30203900
70300 21571200
70400 18168200
70500 17951500
70600 18104200
70700 21352700
70800 19706500
70900 18640000
71000 18657500
71100 18451700
71200 18651000
71300 18686000
71400 18505100
71500 18580100
71600 19128900
71700 18834800
71800 21780800
71900 19656900
72000 24349400
72100 18913500
72200 19675400
72300 28626800
72400 19854800
72500 19592300
72600 19729500
72700 27625600
72800 20646000
72900 19833500
73000 19795100
73100 19686100
73200 20754800
73300 20011800
73400 21049700
73500 20189000
73600 19941400
73700 20816400
73800 21690100
73900 20587800
74000 19653200
74100 20598500
74200 21406300
74300 21200600
74400 20207300
74500 20505000
74600 20271500
74700 20192600
74800 20169700
74900 20628800
75000 20461200
75100 21873900
75200 20479300
75300 21031100
75400 22646000
75500 22352300
75600 21244000
75700 22379700
75800 21009400
75900 23187400
76000 20613600
76100 21657400
76200 20992400
76300 21621800
76400 21497000
76500 21238500
76600 22835300
76700 32667800
76800 21340100
76900 21143300
77000 21782200
77100 24264000
77200 22264300
77300 22333100
77400 21777400
77500 21858500
77600 21542600
77700 21678800
77800 22406900
77900 22197300
78000 23295100
78100 22213500
78200 26195900
78300 22193900
78400 22341100
78500 30755000
78600 29151100
78700 22216700
78800 22380200
78900 23971300
79000 32029800
79100 22143000
79200 22748500
79300 23052200
79400 23156000
79500 23433900
79600 24382700
79700 23717100
79800 23397000
79900 23452500
80000 23311000
80100 35216300
80200 24755200
80300 23650300
80400 23511100
80500 23066500
80600 24299200
80700 24484600
80800 26929300
80900 23271700
81000 23632200
81100 25315500
81200 29512200
81300 23387500
81400 23852500
81500 23701300
81600 26914500
81700 24679600
81800 24649400
81900 29286700
82000 23788400
82100 25417800
82200 24482300
82300 25523100
82400 25896200
82500 24068900
82600 24088300
82700 24402700
82800 24698200
82900 24863600
83000 27045200
83100 38779900
83200 24521800
83300 24184400
83400 24219100
83500 25456400
83600 25251900
83700 28524200
83800 24708500
83900 25462700
84000 24963800
84100 25179600
84200 25447900
84300 25635000
84400 26378400
84500 26300000
84600 28272200
84700 27513900
84800 25847500
84900 28237900
85000 25728100
85100 25945700
85200 25697700
85300 26513200
85400 32685800
85500 25965000
85600 26596000
85700 29425600
85800 26154300
85900 26582200
86000 27129300
86100 25659800
86200 26036100
86300 26292800
86400 33346100
86500 26622000
86600 27825900
86700 26616600
86800 27956900
86900 26384200
87000 26328600
87100 26903900
87200 26735600
87300 29670300
87400 45563400
87500 29295300
87600 27719200
87700 28684300
87800 28488300
87900 27747500
88000 27318100
88100 32463100
88200 27573000
88300 27391200
88400 28084400
88500 41095100
88600 27943200
88700 28523100
88800 28910800
88900 27857100
89000 45774400
89100 29107100
89200 28515300
89300 36292200
89400 29453200
89500 29626100
89600 28368200
89700 28855200
89800 29090200
89900 28165400
90000 33310700
90100 29878400
90200 40473500
90300 48796300
90400 28255400
90500 46651900
90600 29333800
90700 28478000
90800 29340500
90900 52187800
91000 28859000
91100 28959300
91200 28788000
91300 28910700
91400 28848900
91500 29813000
91600 36205100
91700 33151900
91800 30201500
91900 31429300
92000 29543300
92100 31360300
92200 30297300
92300 30276200
92400 33964800
92500 30302000
92600 30187000
92700 32098300
92800 33593200
92900 29757900
93000 31220500
93100 30273600
93200 30904800
93300 38203500
93400 30095900
93500 32433800
93600 35395400
93700 30607900
93800 31902300
93900 33474200
94000 30692400
94100 31534000
94200 31893100
94300 32440400
94400 32460300
94500 31126800
94600 31862800
94700 31008200
94800 31749600
94900 34083300
95000 32158400
95100 31385600
95200 31522500
95300 32308300
95400 31866800
95500 31664900
95600 31318800
95700 32201600
95800 37171500
95900 32434100
96000 32103900
96100 43612200
96200 32963000
96300 32066700
96400 31786500
96500 32212300
96600 35366400
96700 32204000
96800 32619700
96900 32658700
97000 33064800
97100 32938700
97200 33392100
97300 35492000
97400 32636000
97500 33241200
97600 37462800
97700 33252100
97800 50706100
97900 34011900
98000 34173300
98100 33012700
98200 33489700
98300 35493300
98400 33772800
98500 34736000
98600 34271800
98700 34999400
98800 34367000
98900 34500500
99000 35722500
99100 35700400
99200 38677400
99300 34448700
99400 35639300
99500 34218000
99600 34545600
99700 35097400
99800 35251400
99900 34250400
100000 51201800
