500 41100
600 24600
700 27400
800 36200
900 164200
1000 107700
1100 53900
1200 56100
1300 58900
1400 123100
1500 133500
1600 69700
1700 95400
1800 101700
1900 128400
2000 113300
2100 105900
2200 112200
2300 119500
2400 114600
2500 120100
2600 123400
2700 127100
2800 145800
2900 131900
3000 150000
3100 142100
3200 145400
3300 199000
3400 198700
3500 201100
3600 309900
3700 203000
3800 224500
3900 221500
4000 217200
4100 222000
4200 227300
4300 231900
4400 237300
4500 501000
4600 260300
4700 246100
4800 489000
4900 527400
5000 255200
5100 511100
5200 509200
5300 719000
5400 273900
5500 271800
5600 285900
5700 869100
5800 285500
5900 531900
6000 570400
6100 625300
6200 600800
6300 592100
6400 320100
6500 366800
6600 390400
6700 597600
6800 420800
6900 469600
7000 598400
7100 492200
7200 438800
7300 593700
7400 441300
7500 452800
7600 459200
7700 920200
7800 470400
7900 1066900
8000 458800
8100 491200
8200 475700
8300 514800
8400 488500
8500 505900
8600 512000
8700 506600
8800 1114900
8900 509700
9000 539900
9100 1004700
9200 540200
9300 583300
9400 574500
9500 536700
9600 572400
9700 567100
9800 1373100
9900 1671800
10000 4310100
10100 1623100
10200 821400
10300 1168600
10400 1500700
10500 1692700
10600 1707500
10700 2804500
10800 2193300
10900 1947800
11000 1783400
11100 1774900
11200 1656600
11300 1907600
11400 1794500
11500 1518200
11600 1795000
11700 1933800
11800 1851800
11900 1935900
12000 1011800
12100 1845900
12200 1957100
12300 2128600
12400 1994200
12500 1967500
12600 1587400
12700 1780300
12800 1489900
12900 1149700
13000 2297300
13100 2527700
13200 4737400
13300 2495800
13400 2657900
13500 2568100
13600 2538000
13700 2582600
13800 2633000
13900 3261400
14000 2619300
14100 5664600
14200 1917800
14300 2945600
14400 4710600
14500 2660800
14600 2667300
14700 2713500
14800 2773900
14900 1556500
15000 2225500
15100 2841800
15200 2909300
15300 1404900
15400 2761600
15500 2841900
15600 2363300
15700 2884800
15800 2899800
15900 2876200
16000 5706400
16100 3215300
16200 2934800
16300 1862500
16400 3201500
16500 5448000
16600 3670700
16700 3056600
16800 2693800
16900 3081000
17000 3081000
17100 3103600
17200 3364400
17300 3092400
17400 3225100
17500 1794000
17600 3319000
17700 3351200
17800 3190200
17900 3296100
18000 3202600
18100 1615400
18200 2319200
18300 3294500
18400 3356900
18500 3233300
18600 3334000
18700 3231800
18800 3335000
18900 3420900
19000 1686200
19100 3335600
19200 3545400
19300 3351200
19400 3348300
19500 2720500
19600 3508800
19700 3547200
19800 3348900
19900 3469000
20000 3701600
20100 3565000
20200 3929500
20300 3748000
20400 3502200
20500 3464900
20600 3482400
20700 7875600
20800 5046500
20900 7078000
21000 5476300
21100 7731100
21200 3647200
21300 7240400
21400 6714900
21500 6479300
21600 6616100
21700 6167700
21800 3893600
21900 3773500
22000 1875700
22100 3751100
22200 3753400
22300 3874500
22400 3899800
22500 3873500
22600 3934400
22700 3135000
22800 2363200
22900 7721800
23000 3854800
23100 3921900
23200 3913300
23300 4058300
23400 3894900
23500 4032800
23600 4010700
23700 7765900
23800 4040400
23900 3971600
24000 4049500
24100 4076500
24200 2440700
24300 4334200
24400 4093800
24500 4150000
24600 3399100
24700 4299800
24800 4095100
24900 4268200
25000 4234600
25100 4341700
25200 4228900
25300 4267100
25400 4205900
25500 4198200
25600 3780600
25700 4437700
25800 4392500
25900 4345800
26000 3346200
26100 4785900
26200 5100900
26300 5120300
26400 5137100
26500 5250500
26600 5454100
26700 5617300
26800 5775600
26900 5328600
27000 5485300
27100 6924700
27200 5495500
27300 5666100
27400 5500800
27500 5589700
27600 5467500
27700 5579700
27800 5169600
27900 5960100
28000 4056400
28100 6526900
28200 10093900
28300 5806600
28400 5748900
28500 4651500
28600 6076700
28700 5709800
28800 5686200
28900 5407600
29000 6269600
29100 9820200
29200 5902700
29300 7475100
29400 5849800
29500 8706100
29600 5155700
29700 5881800
29800 9803500
29900 8258900
30000 4328600
30100 8347400
30200 10071300
30300 3142900
30400 2090600
30500 2095600
30600 2247100
30700 2252500
30800 2119300
30900 2128500
31000 2121700
31100 4028800
31200 2281600
31300 2124600
31400 2291200
31500 2179900
31600 2155200
31700 2567100
31800 2218400
31900 2277700
32000 2193000
32100 3409700
32200 2182000
32300 2190900
32400 2271700
32500 2244300
32600 2604300
32700 2255500
32800 2261300
32900 2560600
33000 2289800
33100 2338300
33200 2358800
33300 2274700
33400 2314700
33500 2409100
33600 2362300
33700 2311800
33800 2348800
33900 2310700
34000 2316000
34100 2613500
34200 2367700
34300 2365800
34400 2313400
34500 4134200
34600 2591800
34700 2358300
34800 2716600
34900 2992500
35000 2433200
35100 2432200
35200 2609600
35300 2423600
35400 2436900
35500 2582000
35600 2523600
35700 2449700
35800 2444100
35900 2476800
36000 3636300
36100 2473800
36200 2434600
36300 2980600
36400 2466400
36500 2473300
36600 2554500
36700 2508200
36800 2448400
36900 2535700
37000 2449500
37100 2480600
37200 2511100
37300 2488900
37400 2582000
37500 2533400
37600 2523100
37700 2537600
37800 2540100
37900 2544600
38000 2499700
38100 2520200
38200 2502000
38300 2577700
38400 2525500
38500 2634400
38600 2607200
38700 2572000
38800 2538100
38900 2549300
39000 2716000
39100 2850000
39200 2655500
39300 2936800
39400 2660000
39500 2604800
39600 2658600
39700 2673900
39800 2653100
39900 2713800
40000 2636900
40100 2740100
40200 2644600
40300 3202600
40400 2702100
40500 2643900
40600 2725400
40700 2678300
40800 7058000
40900 2700700
41000 5476600
41100 2742700
41200 3706400
41300 3106700
41400 2712800
41500 2707600
41600 2724700
41700 2757300
41800 2867200
41900 2792400
42000 2784300
42100 2780700
42200 2762100
42300 2756600
42400 2799000
42500 2806600
42600 2810800
42700 2835300
42800 2842700
42900 2808900
43000 2808800
43100 2794000
43200 2851900
43300 3095400
43400 2820600
43500 2819000
43600 2895100
43700 3138000
43800 5135200
43900 2856800
44000 3122900
44100 3257500
44200 3223500
44300 3007800
44400 5097000
44500 4064400
44600 2878300
44700 2889100
44800 6590200
44900 3198600
45000 2906700
45100 2920700
45200 2948200
45300 4068200
45400 2977200
45500 3131700
45600 2946400
45700 3633800
45800 2960300
45900 2967200
46000 2980800
46100 2940800
46200 2964800
46300 3024200
46400 3347100
46500 2970100
46600 3063700
46700 3014200
46800 4650900
46900 3453000
47000 5301100
47100 3770400
47200 3092500
47300 3058100
47400 3097000
47500 3130800
47600 3118700
47700 3629000
47800 3360500
47900 3238300
48000 3120400
48100 3094500
48200 3137800
48300 3109300
48400 4272700
48500 3242900
48600 3156000
48700 3584500
48800 3476800
48900 3151700
49000 3175200
49100 3227000
49200 4948800
49300 6046600
49400 3497700
49500 6264900
49600 3163500
49700 3226600
49800 3188100
49900 3523800
50000 3286600
50100 3243500
50200 3589600
50300 6431600
50400 3268500
50500 3203900
50600 3254400
50700 3269600
50800 3432100
50900 3481900
51000 4360900
51100 3316500
51200 3357500
51300 3304700
51400 3696400
51500 6531600
51600 3469100
51700 3485300
51800 3512200
51900 3609000
52000 5595900
52100 3614800
52200 3840400
52300 3736700
52400 3819600
52500 3767200
52600 5871000
52700 4908300
52800 3893400
52900 3896600
53000 3960500
53100 4040300
53200 4259900
53300 4174600
53400 4331300
53500 4141100
53600 4340600
53700 4342600
53800 4392900
53900 4144600
54000 4115500
54100 4441200
54200 4100200
54300 4731700
54400 4104800
54500 4367400
54600 4200800
54700 4207800
54800 4222200
54900 4196700
55000 4459500
55100 4321900
55200 4790200
55300 4252400
55400 4207100
55500 4584100
55600 4210300
55700 4552000
55800 5580700
55900 4171300
56000 4235000
56100 4246800
56200 4251600
56300 4243800
56400 4412100
56500 4569400
56600 4283900
56700 4286200
56800 4252600
56900 4273300
57000 5075700
57100 4324200
57200 4569800
57300 4759500
57400 4285500
57500 4618000
57600 7015100
57700 6434000
57800 7299900
57900 4411500
58000 4870800
58100 4383500
58200 4625500
58300 4446700
58400 4419800
58500 8263500
58600 4887300
58700 4794000
58800 5073700
58900 4535900
59000 5100100
59100 4649100
59200 7366200
59300 4530700
59400 4547500
59500 4785300
59600 4846500
59700 4437700
59800 4712600
59900 4549100
60000 4523400
60100 4657300
60200 4486000
60300 4748500
60400 4426700
60500 4516700
60600 5071100
60700 4850100
60800 4525600
60900 4894900
61000 4657400
61100 4881200
61200 4542300
61300 4745400
61400 4846900
61500 4569800
61600 4597400
61700 4634200
61800 4610100
61900 5439000
62000 6348300
62100 7542200
62200 4618900
62300 7267600
62400 4563900
62500 4715200
62600 4862500
62700 4614800
62800 4884000
62900 4684400
63000 4691500
63100 4928800
63200 6126700
63300 4706100
63400 4694600
63500 4647400
63600 5125800
63700 5285600
63800 5032600
63900 5086400
64000 4751600
64100 4823400
64200 4774300
64300 4753000
64400 4766300
64500 5176800
64600 9066600
64700 4822100
64800 4756600
64900 4769600
65000 5752400
65100 4807300
65200 4796300
65300 4807100
65400 4785100
65500 4811400
65600 5005600
65700 5145100
65800 6154600
65900 4822100
66000 4880900
66100 4881500
66200 4915100
66300 4840700
66400 4958600
66500 5027300
66600 4886800
66700 14750100
66800 4981500
66900 5332300
67000 4868300
67100 5221100
67200 5358700
67300 4908900
67400 5358000
67500 6774800
67600 5101600
67700 4967400
67800 5318000
67900 5024700
68000 5114300
68100 4954700
68200 5573300
68300 4998500
68400 5179300
68500 5005400
68600 5436400
68700 5028400
68800 5344000
68900 7406300
69000 5392600
69100 5036400
69200 5043900
69300 5431600
69400 5067300
69500 5173500
69600 5111200
69700 5063700
69800 5117800
69900 7802100
70000 5085000
70100 5737300
70200 5278400
70300 5081700
70400 5185700
70500 5093200
70600 8000800
70700 6282800
70800 5469200
70900 7988900
71000 5174000
71100 5184400
71200 5168400
71300 5230700
71400 10563200
71500 5744500
71600 5179700
71700 5255800
71800 5139600
71900 5200200
72000 5203700
72100 5229400
72200 5296800
72300 8621700
72400 5233000
72500 5317400
72600 5585800
72700 5715800
72800 5228800
72900 5515400
73000 5509200
73100 7026900
73200 5707000
73300 5493100
73400 5818000
73500 6999700
73600 5324400
73700 5312400
73800 5347600
73900 5467000
74000 5666400
74100 5312600
74200 5360200
74300 5407500
74400 5480300
74500 9080600
74600 5542800
74700 8112500
74800 5339000
74900 5438200
75000 6512800
75100 7915000
75200 5380500
75300 5729800
75400 5606800
75500 7634600
75600 5953000
75700 5702200
75800 5650800
75900 5500600
76000 5876800
76100 5702600
76200 5485200
76300 5996500
76400 5449100
76500 5571900
76600 5817500
76700 5553200
76800 5509500
76900 5515900
77000 5477400
77100 5582300
77200 5934100
77300 5807700
77400 7199900
77500 5663100
77600 5559700
77700 5903400
77800 5561500
77900 5828900
78000 5632600
78100 5614900
78200 6965300
78300 5660300
78400 5641200
78500 6320700
78600 5767000
78700 5571000
78800 5845400
78900 5730200
79000 5613400
79100 5622100
79200 5674500
79300 12047000
79400 6053100
79500 5649300
79600 5665400
79700 8621200
79800 5713900
79900 5891800
80000 6086800
80100 5685500
80200 5982900
80300 5803600
80400 5882100
80500 6173400
80600 5713600
80700 6169800
80800 6662500
80900 5750000
81000 5799000
81100 5805000
81200 5882600
81300 5828100
81400 5854000
81500 6352300
81600 8398600
81700 5851800
81800 5770000
81900 5799600
82000 6023400
82100 6050900
82200 5798600
82300 6209700
82400 5823400
82500 5807100
82600 6076400
82700 6381100
82800 5855500
82900 5844000
83000 5942700
83100 5906100
83200 5863200
83300 6372700
83400 7111500
83500 10940300
83600 5885300
83700 6331700
83800 5909400
83900 5873900
84000 9715900
84100 5972100
84200 6145000
84300 6039300
84400 6716300
84500 5871800
84600 6031000
84700 5904100
84800 5997900
84900 6032400
85000 6021900
85100 5997300
85200 6056600
85300 6041800
85400 12923800
85500 6474100
85600 5949800
85700 9109300
85800 6242000
85900 6120600
86000 6130000
86100 6102900
86200 6331300
86300 7567200
86400 6237700
86500 6410700
86600 7458000
86700 6390500
86800 6135200
86900 6104800
87000 6101700
87100 6089600
87200 6142200
87300 6235700
87400 6400600
87500 6145500
87600 6668800
87700 9419200
87800 6156200
87900 7623300
88000 12451700
88100 6375300
88200 6656400
88300 9249100
88400 6372900
88500 6291100
88600 8542300
88700 6515400
88800 6729900
88900 6270300
89000 8617700
89100 6585200
89200 6259200
89300 6701800
89400 6321800
89500 6296000
89600 6259100
89700 6636600
89800 6478100
89900 6671300
90000 6297300
90100 6337600
90200 6630200
90300 6446100
90400 6873600
90500 9731300
90600 6373600
90700 6314800
90800 6352900
90900 18989900
91000 6693500
91100 7011600
91200 6406000
91300 7408500
91400 6679900
91500 6359500
91600 7191600
91700 6511800
91800 6472000
91900 6388500
92000 6641800
92100 8896600
92200 6485900
92300 6686900
92400 6373400
92500 7025900
92600 6400500
92700 8151500
92800 6757400
92900 6776000
93000 6451900
93100 7322300
93200 6534400
93300 6766500
93400 6705300
93500 6564500
93600 9450700
93700 6519700
93800 6893100
93900 6788200
94000 9678900
94100 7337200
94200 6497800
94300 10416600
94400 6668000
94500 6769900
94600 6690800
94700 6921000
94800 7503400
94900 7034100
95000 6535700
95100 6639100
95200 6845300
95300 6852000
95400 6562900
95500 7499900
95600 11338600
95700 6607300
95800 6531800
95900 6609400
96000 7175200
96100 7100200
96200 8137400
96300 6927800
96400 7015400
96500 7218600
96600 8256900
96700 6667800
96800 6724000
96900 7031500
97000 7369300
97100 6776200
97200 6699200
97300 7014900
97400 8871000
97500 10249600
97600 6753400
97700 6819300
97800 6888600
97900 6850000
98000 7270500
98100 6807900
98200 6888100
98300 7205000
98400 6802700
98500 7038600
98600 7044500
98700 6868600
98800 7506100
98900 7644600
99000 7186000
99100 8450100
99200 7355300
99300 6830900
99400 6977900
99500 6867200
99600 7316300
99700 7354900
99800 7006800
99900 7081800
100000 7074500
