500 104700
600 99700
700 118900
800 183000
900 239800
1000 291200
1100 198500
1200 185900
1300 210300
1400 523700
1500 395800
1600 293900
1700 301600
1800 339800
1900 327100
2000 370000
2100 384400
2200 375000
2300 366400
2400 387300
2500 402400
2600 439500
2700 466300
2800 510500
2900 525900
3000 560400
3100 574700
3200 603300
3300 616400
3400 625600
3500 644500
3600 667800
3700 670200
3800 681800
3900 700500
4000 719600
4100 734300
4200 732100
4300 746400
4400 765800
4500 1279300
4600 829700
4700 819100
4800 1256400
4900 1294700
5000 1458900
5100 1257600
5200 1554800
5300 1590900
5400 959100
5500 992500
5600 1640400
5700 1056400
5800 1114600
5900 1817300
6000 1769400
6100 1351800
6200 2567200
6300 1451000
6400 1884200
6500 1629000
6600 1709900
6700 1480600
6800 1556300
6900 1444300
7000 1441700
7100 1614000
7200 1364900
7300 1383900
7400 1902600
7500 1463600
7600 1446400
7700 1647800
7800 1502100
7900 1490500
8000 1493200
8100 1721200
8200 1600500
8300 1577000
8400 1727500
8500 1621400
8600 1654700
8700 1729500
8800 1624900
8900 1711300
9000 1967100
9100 2213000
9200 1757300
9300 1747100
9400 1754100
9500 1766700
9600 1841100
9700 2020700
9800 3506100
9900 5117900
10000 4876800
10100 7973300
10200 3556200
10300 4933900
10400 5462500
10500 4666600
10600 5782300
10700 8860900
10800 5922200
10900 4622200
11000 6121500
11100 5536800
11200 6308200
11300 5696100
11400 6823100
11500 6869100
11600 5966100
11700 5587300
11800 6416100
11900 6949600
12000 5815800
12100 7254300
12200 7222900
12300 7918300
12400 7544900
12500 7637200
12600 7451800
12700 6226600
12800 4929800
12900 8210800
13000 9827100
13100 8447400
13200 7766100
13300 8124500
13400 7605100
13500 11055200
13600 7963100
13700 8247400
13800 6753200
13900 7126000
14000 23410000
14100 8234500
14200 7652100
14300 7291600
14400 10655000
14500 8797900
14600 8447300
14700 5236100
14800 9641900
14900 8080400
15000 5331000
15100 8438100
15200 8615200
15300 5145400
15400 9116100
15500 8889500
15600 8878900
15700 8208700
15800 9073900
15900 9381000
16000 12359700
16100 8004900
16200 9027400
16300 9219500
16400 14886300
16500 9374500
16600 9446100
16700 9508400
16800 7179300
16900 8847600
17000 9678400
17100 10118600
17200 9680500
17300 9673400
17400 9731200
17500 9954000
17600 9635600
17700 10121800
17800 9886700
17900 9064900
18000 9960900
18100 10005400
18200 5728900
18300 10092800
18400 10278900
18500 8537800
18600 10475200
18700 10471500
18800 15028400
18900 10688500
19000 10516000
19100 9992300
19200 10623300
19300 10175900
19400 10309800
19500 10587400
19600 10746200
19700 10798800
19800 10633300
19900 11179800
20000 11372400
20100 11807100
20200 11923300
20300 10900900
20400 11260300
20500 9926800
20600 27433200
20700 11711700
20800 11700900
20900 14543800
21000 12856100
21100 18727900
21200 19301100
21300 13379100
21400 19014600
21500 17549900
21600 17165100
21700 19219000
21800 12270100
21900 12150200
22000 13775900
22100 12512500
22200 9773100
22300 11086300
22400 13194300
22500 14144900
22600 13194800
22700 16939700
22800 14089100
22900 13104200
23000 13893200
23100 10918100
23200 7823700
23300 14672300
23400 11401500
23500 14645400
23600 14380400
23700 22024900
23800 14488200
23900 15052500
24000 15260700
24100 14838000
24200 8503000
24300 13915300
24400 15733600
24500 15672200
24600 14741900
24700 17327000
24800 14701000
24900 15904900
25000 14559600
25100 17088400
25200 15695600
25300 15930000
25400 15359900
25500 15908400
25600 16040100
25700 15788900
25800 16175300
25900 15405700
26000 13592800
26100 15888600
26200 15505600
26300 15158800
26400 15759200
26500 17395000
26600 16160000
26700 15564100
26800 16282000
26900 16247900
27000 22839800
27100 17169500
27200 17099000
27300 15734900
27400 17246100
27500 17100400
27600 14247000
27700 16923300
27800 15542900
27900 10231700
28000 11111300
28100 30582000
28200 17304700
28300 17269900
28400 17754100
28500 17029600
28600 19363900
28700 17658500
28800 16050800
28900 16774700
29000 17064200
29100 23967600
29200 18142600
29300 19003800
29400 24772200
29500 17965900
29600 19144300
29700 17744400
29800 22028600
29900 16745000
30000 26548100
30100 12539700
30200 50812900
30300 6433900
30400 7634000
30500 9699400
30600 8094600
30700 6858400
30800 6584600
30900 6786900
31000 6613100
31100 6955700
31200 6979700
31300 6562200
31400 6853300
31500 6639300
31600 6694900
31700 6834900
31800 6657200
31900 6687500
32000 6902400
32100 7200700
32200 7091700
32300 6824400
32400 6811900
32500 8142800
32600 6960200
32700 6993700
32800 6937100
32900 6845900
33000 6933700
33100 6968100
33200 7013200
33300 6997400
33400 7603300
33500 10375200
33600 7105500
33700 7404300
33800 7274900
33900 7066100
34000 13201000
34100 7298700
34200 7385700
34300 7196900
34400 7360300
34500 7227000
34600 7301400
34700 7537200
34800 7357700
34900 7508100
35000 7330600
35100 9358400
35200 7663600
35300 7313700
35400 7467000
35500 7462400
35600 7603900
35700 7426700
35800 7526800
35900 8190900
36000 11238400
36100 7796700
36200 9250500
36300 7581500
36400 7825900
36500 7933000
36600 7869900
36700 7591500
36800 7639100
36900 7920100
37000 7560700
37100 8616600
37200 10976900
37300 7666700
37400 7718500
37500 7879500
37600 7963600
37700 7768200
37800 7933200
37900 7891400
38000 8519300
38100 7900600
38200 8082200
38300 7919800
38400 8824200
38500 8198100
38600 9778700
38700 7905800
38800 8904900
38900 8066600
39000 9265800
39100 8117600
39200 8536000
39300 10657900
39400 8063700
39500 8457100
39600 8178600
39700 8442100
39800 8276500
39900 12992600
40000 8617500
40100 8557300
40200 8363900
40300 8156400
40400 8615000
40500 8333200
40600 8223600
40700 8678500
40800 10370800
40900 8327100
41000 10304400
41100 9156200
41200 8575900
41300 8435800
41400 8810600
41500 8884000
41600 8531800
41700 8791800
41800 8676200
41900 8816600
42000 8910900
42100 9017000
42200 8904800
42300 9193100
42400 13574400
42500 9256000
42600 8955800
42700 9383900
42800 9095000
42900 9064900
43000 9239400
43100 9408500
43200 9170300
43300 9206400
43400 9365100
43500 9836200
43600 9769700
43700 9617700
43800 9646600
43900 9855300
44000 9587500
44100 9763600
44200 9577500
44300 14567000
44400 10027400
44500 11255300
44600 9699900
44700 11282500
44800 9748500
44900 11718300
45000 10964400
45100 12166500
45200 10261700
45300 10650800
45400 11660600
45500 10201700
45600 10033000
45700 10626700
45800 10165800
45900 10591100
46000 10350600
46100 10279000
46200 10406100
46300 10749500
46400 10384200
46500 10583000
46600 10432300
46700 12860000
46800 12772000
46900 10713400
47000 11030800
47100 10897800
47200 18377900
47300 11590900
47400 16044600
47500 11191000
47600 10766300
47700 11052800
47800 11309900
47900 11319400
48000 13568600
48100 11166200
48200 11163200
48300 11631100
48400 12223100
48500 11512800
48600 16163500
48700 13035700
48800 11515000
48900 11493200
49000 11352500
49100 12105600
49200 13494100
49300 13852700
49400 11880600
49500 13673700
49600 11718500
49700 11380900
49800 12100500
49900 11914000
50000 13681100
50100 11674400
50200 11888000
50300 17665100
50400 11959600
50500 11724600
50600 11528900
50700 12218700
50800 11790600
50900 12059800
51000 15202200
51100 11998800
51200 11870200
51300 13955400
51400 18144700
51500 12255300
51600 12308600
51700 11865500
51800 11945200
51900 12051900
52000 12284300
52100 12028300
52200 12155900
52300 12132200
52400 12603800
52500 12325500
52600 11996200
52700 14151100
52800 12202300
52900 12511600
53000 12407900
53100 12046200
53200 12710200
53300 12129300
53400 12539000
53500 12196900
53600 12146600
53700 12170300
53800 12482300
53900 12361200
54000 12350400
54100 12713400
54200 12243300
54300 19045600
54400 12491800
54500 12255600
54600 13170900
54700 12450400
54800 12619000
54900 12398900
55000 20227900
55100 12794000
55200 12772100
55300 12453600
55400 15734500
55500 13630900
55600 12810900
55700 12715200
55800 12491300
55900 12557300
56000 12747300
56100 12815200
56200 12766400
56300 12977300
56400 12774800
56500 12907700
56600 15363900
56700 12823500
56800 13515600
56900 12888700
57000 13077300
57100 12974700
57200 13025800
57300 13273300
57400 12893900
57500 12893100
57600 17150400
57700 13538700
57800 13219300
57900 12857900
58000 13303700
58100 14794500
58200 13083900
58300 13577400
58400 13167200
58500 13214300
58600 15258900
58700 13217500
58800 13495500
58900 13304800
59000 13468200
59100 14296500
59200 13221300
59300 20860000
59400 13304200
59500 13529900
59600 13792900
59700 13896900
59800 14518300
59900 14342000
60000 13604500
60100 14321500
60200 13606700
60300 13833600
60400 13915600
60500 13888000
60600 13669000
60700 13990500
60800 13499100
60900 13990400
61000 13950700
61100 22222500
61200 21742300
61300 15817700
61400 15153100
61500 15253600
61600 15623800
61700 14028400
61800 15323100
61900 14305400
62000 14360700
62100 14415900
62200 14102700
62300 14091200
62400 14308400
62500 14148900
62600 14032300
62700 14122200
62800 14247200
62900 14308200
63000 14359100
63100 14307300
63200 14865800
63300 14280500
63400 15303900
63500 16786100
63600 14274100
63700 16061600
63800 14201900
63900 14567700
64000 14094700
64100 14595100
64200 14607900
64300 14288400
64400 14527800
64500 15531400
64600 14850200
64700 15852400
64800 16242100
64900 15212100
65000 14608100
65100 18969000
65200 14598600
65300 14243400
65400 14399500
65500 14665300
65600 22193200
65700 14454300
65800 15410400
65900 14656500
66000 16548700
66100 14667600
66200 14356300
66300 14531800
66400 16335000
66500 26949900
66600 15953500
66700 15015300
66800 14719600
66900 14638200
67000 14756300
67100 19835900
67200 15201900
67300 14855100
67400 14808900
67500 20335400
67600 18811500
67700 14996500
67800 16067900
67900 15147100
68000 31758800
68100 15025700
68200 23814000
68300 15111900
68400 15087700
68500 15040700
68600 15441500
68700 15142200
68800 15115600
68900 16595500
69000 15444000
69100 15512600
69200 15457900
69300 15257400
69400 15603600
69500 18559900
69600 17761500
69700 16164700
69800 15172100
69900 15313300
70000 15656300
70100 15283300
70200 15677200
70300 15557600
70400 15209800
70500 15820300
70600 15810300
70700 19322400
70800 16536400
70900 15420900
71000 23106700
71100 15403300
71200 18482300
71300 15877500
71400 16686500
71500 19847300
71600 15519900
71700 15817200
71800 15647400
71900 15715700
72000 15802900
72100 15728500
72200 15986500
72300 20957300
72400 15893300
72500 15740700
72600 16229200
72700 16007700
72800 15923700
72900 16192400
73000 16419500
73100 17715600
73200 15857400
73300 15946100
73400 15876600
73500 18897400
73600 15848500
73700 15826800
73800 16177700
73900 18990900
74000 16237200
74100 19539800
74200 16026800
74300 15921300
74400 16023000
74500 16332100
74600 16048400
74700 19801400
74800 16098000
74900 17075700
75000 16466100
75100 17609600
75200 17450200
75300 16418600
75400 16783400
75500 16719700
75600 17835300
75700 16636100
75800 16540600
75900 16295000
76000 16661200
76100 16294800
76200 16375200
76300 16609300
76400 16480500
76500 16515300
76600 16859200
76700 16651900
76800 17146800
76900 16620000
77000 16700400
77100 16642500
77200 17025700
77300 16674400
77400 17046100
77500 16942100
77600 17247300
77700 16612500
77800 22707900
77900 16757500
78000 16926100
78100 16853400
78200 17011100
78300 17122100
78400 16745300
78500 17300900
78600 16960600
78700 16877800
78800 17693000
78900 16965600
79000 16985900
79100 16963100
79200 17052300
79300 19600800
79400 17316900
79500 17344500
79600 16989700
79700 16861300
79800 17183800
79900 26882300
80000 17327000
80100 17128100
80200 17154000
80300 17803700
80400 17756800
80500 17627600
80600 17148400
80700 17843200
80800 17348100
80900 17157300
81000 17318700
81100 17488700
81200 17254100
81300 17510800
81400 17287400
81500 31964500
81600 17771600
81700 18225600
81800 17718300
81900 18026200
82000 17350700
82100 17684600
82200 18089500
82300 17704200
82400 17669700
82500 17654300
82600 20498800
82700 17890800
82800 17734700
82900 17797000
83000 18037500
83100 19062300
83200 18342300
83300 18945500
83400 18060800
83500 18826500
83600 18478400
83700 18791500
83800 19315600
83900 20510400
84000 19149300
84100 18308800
84200 18237300
84300 18560300
84400 19207600
84500 19225800
84600 18293600
84700 18647100
84800 19444400
84900 18752900
85000 29710600
85100 19054900
85200 18975400
85300 19517100
85400 18873200
85500 18963200
85600 19012700
85700 19045900
85800 20468500
85900 19392100
86000 19660500
86100 19196000
86200 19179200
86300 19485600
86400 19677100
86500 19414900
86600 19492000
86700 19902000
86800 19464900
86900 20686300
87000 19811200
87100 19782700
87200 19632500
87300 19356300
87400 19695000
87500 20106000
87600 19794500
87700 20064200
87800 19766000
87900 20453300
88000 20051200
88100 20128600
88200 19791200
88300 19954100
88400 19928500
88500 20024600
88600 20329200
88700 20445600
88800 20720900
88900 20353200
89000 20555700
89100 20432500
89200 20467900
89300 30789000
89400 20359800
89500 20392800
89600 20188500
89700 20520400
89800 21019500
89900 20377000
90000 23283500
90100 21065700
90200 29038500
90300 20681900
90400 31947600
90500 43578300
90600 20611300
90700 20855700
90800 24882500
90900 54287000
91000 21139200
91100 22356800
91200 21201900
91300 21994200
91400 21357600
91500 22821400
91600 21189700
91700 21093100
91800 21320600
91900 21097400
92000 23843700
92100 21548900
92200 23584500
92300 22690400
92400 23935600
92500 22847200
92600 21586900
92700 21640600
92800 21484700
92900 22194800
93000 21602200
93100 23739000
93200 21832700
93300 23480500
93400 25810300
93500 24152700
93600 22897300
93700 28896700
93800 22438700
93900 24063900
94000 21964400
94100 22308400
94200 22221200
94300 24253400
94400 25366500
94500 22927500
94600 23170600
94700 22615900
94800 22098200
94900 22825100
95000 22732900
95100 22585100
95200 23003400
95300 22667100
95400 22618300
95500 23263200
95600 23637300
95700 22633900
95800 23615200
95900 22878600
96000 23105600
96100 35909300
96200 23229800
96300 23114100
96400 22867400
96500 23152100
96600 22954900
96700 22969600
96800 22965500
96900 26198800
97000 23245500
97100 23367800
97200 25647000
97300 23980700
97400 23581400
97500 23095400
97600 23493400
97700 23486500
97800 24286300
97900 25428300
98000 24551500
98100 23583100
98200 23521200
98300 25294300
98400 23575800
98500 23860000
98600 26137800
98700 24875900
98800 23853300
98900 25330400
99000 23990000
99100 24839800
99200 23992400
99300 24560500
99400 24802400
99500 24510100
99600 26162000
99700 25851400
99800 25566100
99900 23889600
100000 25613500
