500 92300
600 49300
700 72700
800 161400
900 149700
1000 241000
1100 104400
1200 106400
1300 115600
1400 354300
1500 320600
1600 177700
1700 182700
1800 184000
1900 185700
2000 204000
2100 204300
2200 210000
2300 234300
2400 208100
2500 213500
2600 235100
2700 256100
2800 295400
2900 301200
3000 339500
3100 348600
3200 359100
3300 526700
3400 369300
3500 373800
3600 371100
3700 382700
3800 395600
3900 391100
4000 401400
4100 400000
4200 413700
4300 424500
4400 32281600
4500 887500
4600 496400
4700 430500
4800 847000
4900 869500
5000 857600
5100 949800
5200 935300
5300 646000
5400 1125900
5500 779500
5600 1159300
5700 592700
5800 626900
5900 1148500
6000 1654800
6100 748800
6200 1441000
6300 779000
6400 798200
6500 856900
6600 1398100
6700 1450800
6800 766600
6900 776400
7000 850500
7100 876800
7200 783100
7300 841000
7400 897100
7500 943600
7600 1024400
7700 834700
7800 823400
7900 867700
8000 1626900
8100 866400
8200 1266500
8300 844300
8400 858800
8500 891800
8600 974900
8700 902400
8800 865000
8900 885100
9000 912300
9100 1894200
9200 950200
9300 906000
9400 1145400
9500 917300
9600 931000
9700 1621900
9800 1857500
9900 2691700
10000 2487200
10100 5081300
10200 2488700
10300 2861600
10400 2909300
10500 2921500
10600 3036600
10700 6184500
10800 2782500
10900 2771100
11000 3557700
11100 3502800
11200 3554700
11300 2391300
11400 3777300
11500 3503900
11600 4188500
11700 3904900
11800 3117700
11900 3969500
12000 1979800
12100 4501700
12200 4590900
12300 4421400
12400 4376500
12500 4291800
12600 4620600
12700 3284000
12800 3753400
12900 4448600
13000 10076700
13100 4385800
13200 4382600
13300 4405100
13400 4937700
13500 4605000
13600 4933200
13700 4602400
13800 4726300
13900 4692500
14000 3306000
14100 4636500
14200 7915000
14300 3995500
14400 135159400
14500 4681400
14600 4803500
14700 4723800
14800 5010100
14900 4335300
15000 3527300
15100 2890200
15200 4759500
15300 3934300
15400 4824700
15500 4863100
15600 4567000
15700 4874300
15800 4931100
15900 4918500
16000 10448900
16100 5046700
16200 4961700
16300 8416100
16400 10741300
16500 4200800
16600 5055000
16700 5252700
16800 5092700
16900 5134200
17000 5142100
17100 5724600
17200 5124900
17300 4447900
17400 5128100
17500 5177400
17600 4505800
17700 5233200
17800 5156200
17900 5317000
18000 5288400
18100 5308200
18200 3061700
18300 5660400
18400 3822800
18500 5373400
18600 5792700
18700 5514300
18800 10143800
18900 5438900
19000 5423500
19100 5734100
19200 8927600
19300 5522300
19400 5551700
19500 5459800
19600 5997000
19700 5629700
19800 5680100
19900 6374900
20000 5947700
20100 5923300
20200 6021300
20300 5854400
20400 5709100
20500 5725800
20600 3334800
20700 7685300
20800 9846600
20900 6086600
21000 10565800
21100 13296300
21200 9899300
21300 10076300
21400 13446400
21500 10989700
21600 8786100
21700 12670500
21800 6702100
21900 6755100
22000 12604500
22100 6704100
22200 6955800
22300 7245000
22400 7256100
22500 7343700
22600 7539500
22700 7546500
22800 9898700
22900 7563300
23000 7813400
23100 7655800
23200 7781900
23300 7971700
23400 7742500
23500 8209200
23600 7590400
23700 12819500
23800 9285300
23900 8358500
24000 8678100
24100 9722700
24200 4618100
24300 7904300
24400 8554300
24500 8774900
24600 8855000
24700 8379100
24800 8120200
24900 8866800
25000 8754700
25100 8326400
25200 9067000
25300 9275000
25400 7513500
25500 9604400
25600 9035600
25700 8537900
25800 8942400
25900 10736200
26000 8522600
26100 9214900
26200 6189600
26300 9249900
26400 9118700
26500 9200600
26600 9521600
26700 8506600
26800 9354400
26900 14138200
27000 15404900
27100 9662100
27200 9681500
27300 8927500
27400 9014400
27500 9494100
27600 9368500
27700 9826400
27800 5549600
27900 9596800
28000 12966300
28100 7983900
28200 15272300
28300 9482000
28400 9443600
28500 9639600
28600 9596100
28700 9639400
28800 9540000
28900 9419900
29000 9135700
29100 15630000
29200 8763900
29300 11160900
29400 12702500
29500 15059700
29600 11687000
29700 12855400
29800 14153000
29900 13366600
30000 12439400
30100 14750700
30200 7477600
30300 5450200
30400 5993400
30500 6770900
30600 5062600
30700 3929900
30800 3889800
30900 3596600
31000 3560400
31100 4567700
31200 3575800
31300 3539200
31400 3576300
31500 3642600
31600 3990100
31700 3603700
31800 3603500
31900 5154500
32000 3653300
32100 3707500
32200 3743300
32300 3676500
32400 3917000
32500 3636200
32600 3889200
32700 4051900
32800 4083700
32900 3984600
33000 3902500
33100 4156700
33200 4025800
33300 5471500
33400 3826400
33500 5733600
33600 3766000
33700 3822700
33800 3834600
33900 3971100
34000 3903000
34100 3856200
34200 4450400
34300 4528200
34400 4795800
34500 4869700
34600 3785100
34700 3844500
34800 4337700
34900 3808100
35000 4175600
35100 6343800
35200 3881600
35300 4430300
35400 4503000
35500 4076900
35600 3873300
35700 4405300
35800 6745700
35900 3931500
36000 6440200
36100 3986100
36200 3923800
36300 4158900
36400 3964700
36500 3891300
36600 3978900
36700 4000300
36800 6528500
36900 3975900
37000 3985000
37100 4098000
37200 3948700
37300 4464600
37400 4416800
37500 4059800
37600 4039200
37700 4055000
37800 4383800
37900 4064000
38000 4002600
38100 4052100
38200 4039700
38300 4260600
38400 4055300
38500 4089500
38600 5132000
38700 4126600
38800 4074600
38900 4128300
39000 4108500
39100 4543200
39200 4264300
39300 4241100
39400 4487400
39500 4115500
39600 4247800
39700 4159200
39800 4260600
39900 7920500
40000 4196500
40100 4179300
40200 4198000
40300 4580900
40400 4317200
40500 4282900
40600 4240900
40700 4486800
40800 4162400
40900 4247900
41000 4355900
41100 4281400
41200 4498200
41300 4952100
41400 4374300
41500 4536900
41600 4717100
41700 4491200
41800 4828900
41900 4567100
42000 4569300
42100 4617800
42200 4624400
42300 4665200
42400 4740000
42500 5084600
42600 4740600
42700 5079300
42800 4887100
42900 4993900
43000 4877900
43100 5117400
43200 5160200
43300 4860700
43400 5282100
43500 4923800
43600 5007000
43700 5076200
43800 5123800
43900 5077400
44000 5124500
44100 5069500
44200 5241500
44300 6257300
44400 5599400
44500 9233300
44600 5200300
44700 5244300
44800 5198800
44900 5314600
45000 5884300
45100 5329900
45200 5447900
45300 5687100
45400 5487300
45500 5727000
45600 5822300
45700 5513100
45800 5612400
45900 5629800
46000 15357100
46100 5617200
46200 5928600
46300 6222000
46400 5691000
46500 5910200
46600 5796900
46700 5858100
46800 6302400
46900 5873500
47000 6188100
47100 6007100
47200 7328700
47300 6272100
47400 6234400
47500 6086200
47600 6371000
47700 6155600
47800 6070600
47900 6290100
48000 9705800
48100 6581700
48200 6224600
48300 6500100
48400 6653700
48500 7138500
48600 9473800
48700 8339100
48800 8451900
48900 6955000
49000 6375300
49100 7682500
49200 6918300
49300 8884300
49400 6728700
49500 6790700
49600 6466300
49700 6522700
49800 7109700
49900 6522700
50000 6540100
50100 6541500
50200 6872600
50300 6530400
50400 6572400
50500 8186600
50600 6782800
50700 6632500
50800 6625700
50900 6935500
51000 6621100
51100 6630500
51200 6731500
51300 6588500
51400 10169000
51500 6755600
51600 6917400
51700 6680400
51800 6731200
51900 6983900
52000 8574800
52100 6757600
52200 7161800
52300 6950600
52400 6810500
52500 7335800
52600 6736000
52700 7126100
52800 6750900
52900 6857900
53000 6978800
53100 6776400
53200 6962400
53300 10042400
53400 7453600
53500 6944100
53600 6815000
53700 7398100
53800 7340700
53900 6818900
54000 9135800
54100 7477600
54200 6886700
54300 8509400
54400 6947500
54500 7248000
54600 7376400
54700 7018800
54800 6977600
54900 7004700
55000 7135600
55100 7449700
55200 7668300
55300 7018600
55400 10781500
55500 7464000
55600 7185400
55700 7143900
55800 7012000
55900 7126800
56000 6991800
56100 7282800
56200 7277800
56300 7295200
56400 7287900
56500 11581100
56600 8019400
56700 7050500
56800 7199600
56900 7295900
57000 7398300
57100 11936900
57200 7334200
57300 7088800
57400 7319200
57500 7558400
57600 10221400
57700 7244800
57800 7480800
57900 7246900
58000 7456100
58100 12165400
58200 7481800
58300 7675200
58400 7219900
58500 7302300
58600 7177000
58700 7322000
58800 7154100
58900 7215800
59000 7415800
59100 7298000
59200 7302400
59300 11107300
59400 7250600
59500 7322100
59600 7856000
59700 7784700
59800 8340300
59900 8006900
60000 7683200
60100 7638600
60200 7265600
60300 9322000
60400 8309500
60500 7962400
60600 8808100
60700 7638700
60800 7338500
60900 7384300
61000 7827400
61100 13250000
61200 7424900
61300 7857300
61400 7473300
61500 7546700
61600 12402700
61700 7780900
61800 7768300
61900 7591100
62000 7626700
62100 7467600
62200 9335600
62300 28850200
62400 7848200
62500 7680000
62600 7602000
62700 7832400
62800 7788300
62900 8762100
63000 9971500
63100 7730500
63200 7768700
63300 7882600
63400 7987000
63500 7907700
63600 7572800
63700 7636200
63800 7625200
63900 7593000
64000 7648700
64100 7716900
64200 7642700
64300 8164700
64400 8237100
64500 7730200
64600 7888300
64700 9191400
64800 7598100
64900 7946100
65000 7661700
65100 29580800
65200 8168000
65300 7669200
65400 9407200
65500 8386600
65600 13865000
65700 7716200
65800 8060000
65900 7875800
66000 7997700
66100 7697000
66200 7943000
66300 8130500
66400 8003200
66500 13770000
66600 8782500
66700 7828900
66800 9936300
66900 7875300
67000 8382500
67100 7785600
67200 8209600
67300 8288200
67400 7812600
67500 10873600
67600 14013900
67700 8256500
67800 8088400
67900 8474600
68000 12892500
68100 8118900
68200 13436800
68300 8432000
68400 7802100
68500 8266600
68600 8075600
68700 8575100
68800 7905500
68900 8849000
69000 8658400
69100 8452800
69200 7933000
69300 8211600
69400 8248600
69500 8532400
69600 8036000
69700 8204800
69800 8107900
69900 16843500
70000 8025900
70100 8196200
70200 8132000
70300 8214800
70400 8056500
70500 9710000
70600 8282700
70700 15887700
70800 9382400
70900 8444500
71000 10037200
71100 8083400
71200 8094300
71300 8431600
71400 11662100
71500 8095300
71600 8226800
71700 8187700
71800 8557300
71900 8131200
72000 9605800
72100 8142300
72200 9569300
72300 11755500
72400 8183000
72500 8285400
72600 8806800
72700 8432800
72800 8299300
72900 8285700
73000 8924600
73100 8204700
73200 8250100
73300 8257600
73400 8427500
73500 8959100
73600 8181300
73700 8225000
73800 8322500
73900 8441300
74000 8223900
74100 8572000
74200 9048600
74300 8400200
74400 8476800
74500 8265100
74600 8534500
74700 8510200
74800 8626600
74900 8693200
75000 8465200
75100 8335600
75200 9190300
75300 8794600
75400 9384000
75500 8812900
75600 9405600
75700 9402300
75800 8477900
75900 8576100
76000 9685400
76100 8640500
76200 8712400
76300 8941800
76400 8582700
76500 8570200
76600 8808500
76700 8620300
76800 8474000
76900 8563000
77000 8684200
77100 8495600
77200 8929000
77300 9287300
77400 8613100
77500 8731400
77600 8595900
77700 17130800
77800 8906000
77900 9779400
78000 8679700
78100 9326700
78200 8954200
78300 9699700
78400 8975800
78500 9027700
78600 10220900
78700 8623800
78800 9184000
78900 8648300
79000 9146700
79100 9098800
79200 9310700
79300 10267100
79400 9127200
79500 8889900
79600 8789500
79700 10055600
79800 8763400
79900 14678200
80000 8911300
80100 8789100
80200 8758700
80300 9054700
80400 9812300
80500 9269100
80600 9182800
80700 9245200
80800 8830400
80900 8922200
81000 8821700
81100 9581200
81200 8789800
81300 8833800
81400 9370900
81500 8817000
81600 9320900
81700 9045900
81800 8861300
81900 9035600
82000 8931000
82100 8921400
82200 9420800
82300 8978900
82400 9039200
82500 9294900
82600 9056100
82700 18348700
82800 9077300
82900 9511600
83000 9671400
83100 9419800
83200 9182600
83300 9523100
83400 9302500
83500 9409200
83600 9802000
83700 9778800
83800 9877700
83900 9771800
84000 9563700
84100 9807700
84200 9685100
84300 11075700
84400 9953200
84500 9939400
84600 10141800
84700 9562600
84800 9786100
84900 10217400
85000 10321100
85100 10168900
85200 10919300
85300 10146300
85400 9931100
85500 10132100
85600 9890000
85700 12710900
85800 10098900
85900 9977200
86000 20414400
86100 10365900
86200 10468700
86300 19559300
86400 10110600
86500 11045000
86600 10655300
86700 11463700
86800 10527100
86900 10578600
87000 11348600
87100 10379400
87200 10321600
87300 10592100
87400 11075600
87500 10756400
87600 10738100
87700 10660700
87800 10549000
87900 10754100
88000 10773100
88100 10985400
88200 10848500
88300 10573700
88400 11123100
88500 10620700
88600 10924900
88700 11409700
88800 11095300
88900 10957300
89000 11151300
89100 11361100
89200 11573700
89300 10822800
89400 11166800
89500 11697300
89600 10987700
89700 11277100
89800 11666600
89900 11009300
90000 17327800
90100 20159300
90200 11150300
90300 11398400
90400 12515200
90500 17691500
90600 12678700
90700 14563100
90800 16092800
90900 17305400
91000 17635000
91100 11598300
91200 14181700
91300 11532700
91400 11612400
91500 24373600
91600 12452500
91700 11678800
91800 11934000
91900 11540200
92000 11978800
92100 12151300
92200 12327700
92300 11871800
92400 11982200
92500 22126900
92600 14573900
92700 12251800
92800 12058400
92900 12367200
93000 12367400
93100 19124600
93200 12455400
93300 12364700
93400 18849400
93500 12395200
93600 12670800
93700 12631000
93800 12402800
93900 18544500
94000 12175600
94100 13170800
94200 12602700
94300 12574000
94400 14723400
94500 12559400
94600 12776700
94700 12749500
94800 13364900
94900 12582100
95000 12592700
95100 12798700
95200 12503300
95300 13008900
95400 13057600
95500 14934200
95600 13601600
95700 12919800
95800 12923000
95900 12899900
96000 12861800
96100 13097600
96200 13386900
96300 15786700
96400 13516100
96500 13132500
96600 13459400
96700 13072800
96800 13220600
96900 20123300
97000 13468600
97100 14562900
97200 13372100
97300 13066700
97400 13814000
97500 13569200
97600 13771800
97700 13394500
97800 13682500
97900 14910400
98000 13649000
98100 13536100
98200 13386400
98300 18693100
98400 13715900
98500 14367000
98600 20875700
98700 13960100
98800 13745800
98900 14289700
99000 13838300
99100 13908000
99200 14056800
99300 14094400
99400 13582000
99500 13915400
99600 13890000
99700 22516000
99800 13707800
99900 19650100
100000 13917000
