500 71200
600 88200
700 96000
800 123200
900 102900
1000 195100
1100 207300
1200 263700
1300 270000
1400 292700
1500 344300
1600 685300
1700 215100
1800 273000
1900 291200
2000 258400
2100 283300
2200 339700
2300 313300
2400 502200
2500 358800
2600 355400
2700 383700
2800 411800
2900 445300
3000 448000
3100 505500
3200 492800
3300 440100
3400 457300
3500 478000
3600 499500
3700 496800
3800 536000
3900 548300
4000 571600
4100 586700
4200 666700
4300 623800
4400 658100
4500 1068000
4600 723700
4700 822400
4800 1022600
4900 733500
5000 776600
5100 963400
5200 1081100
5300 1224800
5400 861900
5500 866700
5600 1240900
5700 1011000
5800 1334300
5900 981900
6000 1516700
6100 1276400
6200 1544400
6300 1777300
6400 1630400
6500 1080800
6600 971600
6700 1042800
6800 1004000
6900 1033700
7000 1102400
7100 1053600
7200 1076000
7300 1063300
7400 1354500
7500 1126800
7600 1168700
7700 1297400
7800 1335200
7900 1175100
8000 1691500
8100 1224600
8200 1268800
8300 1265600
8400 1330800
8500 1303600
8600 1321900
8700 1403700
8800 1332900
8900 1404500
9000 1839600
9100 1514600
9200 2646200
9300 1533900
9400 1805800
9500 2255100
9600 1709600
9700 1654000
9800 3120800
9900 5018100
10000 6192200
10100 4570000
10200 4240300
10300 3863400
10400 4153400
10500 4411500
10600 4209000
10700 5915200
10800 6551400
10900 5418400
11000 6100600
11100 4773200
11200 4122000
11300 4926700
11400 5939200
11500 5470800
11600 5562600
11700 5676000
11800 5459700
11900 5717200
12000 2925300
12100 5975300
12200 6398700
12300 6762700
12400 6199500
12500 6372400
12600 6284700
12700 6400000
12800 3609500
12900 5911200
13000 5789200
13100 5117000
13200 5836200
13300 6058600
13400 6366800
13500 6431100
13600 5910400
13700 5922700
13800 3117000
13900 6292000
14000 6456700
14100 6309700
14200 5891200
14300 6672000
14400 6533500
14500 5209000
14600 6768700
14700 4724100
14800 5531000
14900 6966600
15000 2905800
15100 6492300
15200 6883000
15300 3539400
15400 7091500
15500 6998600
15600 7102700
15700 7640100
15800 2697600
15900 7642900
16000 7405600
16100 3979900
16200 6710700
16300 7508400
16400 7489100
16500 11005400
16600 7373200
16700 6644100
16800 7435300
16900 8175100
17000 7020600
17100 7370200
17200 7740200
17300 8947400
17400 7914200
17500 8970200
17600 8665600
17700 8953600
17800 3114200
17900 8498100
18000 6390500
18100 9738700
18200 5647400
18300 8734700
18400 8169000
18500 8842400
18600 8859100
18700 11897000
18800 9069800
18900 13704900
19000 9868500
19100 8872900
19200 8976300
19300 9557800
19400 9613400
19500 6141100
19600 8993700
19700 6037000
19800 10048400
19900 9533500
20000 8556900
20100 10275900
20200 10075500
20300 10304200
20400 10408900
20500 10237100
20600 16556700
20700 17820900
20800 10001200
20900 20538200
21000 16500900
21100 14397200
21200 16371800
21300 16231300
21400 16549100
21500 15620800
21600 15098400
21700 16626200
21800 11583400
21900 10920100
22000 10860800
22100 11515900
22200 12547100
22300 9646900
22400 11686000
22500 11474900
22600 11550800
22700 11291300
22800 9125300
22900 16220900
23000 11856100
23100 12301500
23200 11486400
23300 7381900
23400 11846900
23500 11757100
23600 12209700
23700 12645400
23800 12907800
23900 11634300
24000 12276300
24100 8957300
24200 13614100
24300 12815400
24400 12682900
24500 11620500
24600 12735700
24700 6815200
24800 13353200
24900 12679700
25000 12383600
25100 13916300
25200 8753800
25300 7709300
25400 13587600
25500 13706200
25600 15513000
25700 12004400
25800 13507800
25900 11705700
26000 11603700
26100 12286200
26200 12468100
26300 5665900
26400 11961800
26500 13041700
26600 12034000
26700 14111500
26800 12601900
26900 11618500
27000 8336300
27100 7308100
27200 13080700
27300 13108000
27400 15671700
27500 13051900
27600 12121700
27700 11476700
27800 13045400
27900 12386300
28000 13279100
28100 13369900
28200 13615600
28300 13844600
28400 13325100
28500 12518800
28600 13611300
28700 10554000
28800 13517400
28900 13771400
29000 13649000
29100 14577700
29200 16855300
29300 8013400
29400 13413700
29500 13953900
29600 12139400
29700 13453100
29800 27402300
29900 15141100
30000 20042800
30100 18427200
30200 20352900
30300 5686200
30400 5169800
30500 5678800
30600 6494100
30700 5602300
30800 5420800
30900 5464300
31000 5299200
31100 5595400
31200 6071000
31300 5418900
31400 8261100
31500 5434300
31600 5640200
31700 5667900
31800 5430900
31900 5730900
32000 5549400
32100 5760500
32200 5605100
32300 5778000
32400 9216800
32500 5724800
32600 5730200
32700 5806300
32800 6204700
32900 6069800
33000 6759200
33100 6050100
33200 6391600
33300 5782900
33400 5954700
33500 5999200
33600 5901900
33700 6900900
33800 6593100
33900 6067600
34000 6147400
34100 6195700
34200 6215000
34300 9180900
34400 6108200
34500 7345200
34600 6224500
34700 6162400
34800 6391400
34900 6416100
35000 6425500
35100 6186800
35200 6225900
35300 6570300
35400 8465800
35500 8907900
35600 6526400
35700 6588200
35800 6491400
35900 6459700
36000 6514600
36100 6940400
36200 7146300
36300 9055400
36400 6716900
36500 6641500
36600 6627500
36700 6699800
36800 7086800
36900 6945700
37000 7105100
37100 6870900
37200 6683400
37300 7351000
37400 6958200
37500 8025000
37600 6752800
37700 7117100
37800 6872000
37900 6949600
38000 7001400
38100 6980900
38200 6878800
38300 6983700
38400 7212800
38500 10107900
38600 7112100
38700 7807300
38800 7126600
38900 7182400
39000 7630500
39100 7263200
39200 7290100
39300 7369500
39400 7283200
39500 9002400
39600 7414700
39700 7422400
39800 7415600
39900 7363200
40000 7980900
40100 10794800
40200 7548900
40300 7415100
40400 7646700
40500 7615500
40600 7495900
40700 7485300
40800 7671300
40900 7732200
41000 7529600
41100 7933400
41200 9264800
41300 8670000
41400 7743500
41500 7807700
41600 9834500
41700 7924500
41800 8143300
41900 8097900
42000 8056300
42100 8126200
42200 7939800
42300 10472600
42400 8440800
42500 7980000
42600 8160100
42700 8256000
42800 8120700
42900 8359100
43000 12675100
43100 8938100
43200 8502900
43300 8747000
43400 8241100
43500 8363300
43600 8303300
43700 8478900
43800 8516200
43900 8658000
44000 8470900
44100 9357800
44200 8615300
44300 8629000
44400 9285200
44500 11407000
44600 8629400
44700 9613300
44800 9052000
44900 8935600
45000 9275700
45100 8647300
45200 10836500
45300 9509300
45400 8841400
45500 9029300
45600 9995300
45700 8827300
45800 14061800
45900 9247600
46000 9269600
46100 8842400
46200 9217100
46300 8841600
46400 14734200
46500 12941600
46600 9475700
46700 9346400
46800 10958300
46900 9333100
47000 9367800
47100 9320400
47200 9076200
47300 9129800
47400 9408800
47500 10273600
47600 10076500
47700 9402500
47800 9818300
47900 9634900
48000 9726200
48100 9678100
48200 9366500
48300 9541800
48400 9994500
48500 9858200
48600 9515200
48700 9836400
48800 12327900
48900 12425000
49000 11140300
49100 11777100
49200 9773100
49300 9831300
49400 9916400
49500 9694700
49600 10751700
49700 9845900
49800 10156500
49900 9927000
50000 11192000
50100 9827400
50200 9974400
50300 9929200
50400 10705300
50500 10236200
50600 18057000
50700 10102400
50800 10151800
50900 13243400
51000 9978300
51100 10633100
51200 10437100
51300 10169600
51400 9952700
51500 10112900
51600 9831400
51700 9556300
51800 9336200
51900 9385000
52000 9129200
52100 9218700
52200 9478300
52300 9366000
52400 9541700
52500 9186800
52600 9548500
52700 9259600
52800 9634400
52900 9961800
53000 12388900
53100 9582900
53200 14792800
53300 9722200
53400 9319100
53500 9709100
53600 9635500
53700 9736300
53800 10275600
53900 14888900
54000 10021800
54100 9601300
54200 9955800
54300 9971600
54400 9881400
54500 9781200
54600 9868000
54700 10112700
54800 10034400
54900 11146700
55000 9968400
55100 9914800
55200 10057600
55300 10112300
55400 10110600
55500 10033800
55600 10055100
55700 10042300
55800 10246100
55900 10064800
56000 13000100
56100 10288800
56200 10202500
56300 10175900
56400 12045700
56500 10091400
56600 10672100
56700 10229700
56800 10750300
56900 12643000
57000 10189600
57100 15325900
57200 10399200
57300 10235400
57400 12721500
57500 10990600
57600 10588700
57700 10955800
57800 12608600
57900 10545600
58000 11320600
58100 10787400
58200 13593000
58300 11776500
58400 11568800
58500 11074400
58600 10772800
58700 10632100
58800 11399500
58900 11200100
59000 11834200
59100 11153200
59200 16133900
59300 10821300
59400 10918600
59500 11457500
59600 12540100
59700 13302800
59800 11020100
59900 10882000
60000 11980500
60100 11102300
60200 11143100
60300 11273800
60400 11111500
60500 11284900
60600 11428600
60700 13915000
60800 11045300
60900 11813000
61000 12494100
61100 11545300
61200 11420800
61300 11238700
61400 11670200
61500 11687900
61600 11748000
61700 11425700
61800 12287100
61900 11909800
62000 11712400
62100 11683700
62200 11545700
62300 11574400
62400 11385400
62500 12551100
62600 15974200
62700 11920900
62800 13226200
62900 11556100
63000 12576100
63100 12372800
63200 12056700
63300 11669200
63400 12118000
63500 11788700
63600 11705200
63700 11788600
63800 12139600
63900 15332100
64000 12870700
64100 13628100
64200 13707000
64300 11951200
64400 11911600
64500 12330600
64600 12390700
64700 12408500
64800 15263100
64900 13063200
65000 12367700
65100 12616000
65200 11969300
65300 12289100
65400 12101200
65500 12376800
65600 12496100
65700 12499500
65800 12792700
65900 12275900
66000 14321100
66100 12407600
66200 12364600
66300 13494500
66400 12318800
66500 13190600
66600 12890700
66700 12739300
66800 12415000
66900 12440200
67000 14225200
67100 12826400
67200 12866600
67300 12552500
67400 13073900
67500 12464900
67600 13979700
67700 12728900
67800 12769100
67900 12746200
68000 13008000
68100 12917600
68200 12983600
68300 12633400
68400 12712500
68500 13156400
68600 12736100
68700 12848900
68800 13254200
68900 12746700
69000 13271800
69100 20632800
69200 13164900
69300 13126500
69400 13320000
69500 13097800
69600 13910100
69700 13276200
69800 14503200
69900 13208200
70000 13342300
70100 13076900
70200 14515600
70300 14013600
70400 13410900
70500 13505200
70600 13459100
70700 14566500
70800 13443400
70900 13506100
71000 13758200
71100 14007600
71200 14204900
71300 13765100
71400 13496400
71500 13774800
71600 13515000
71700 13703300
71800 13576600
71900 13762500
72000 14096200
72100 13771200
72200 13654100
72300 14325700
72400 13956100
72500 14234700
72600 13820300
72700 17096300
72800 13853800
72900 14093900
73000 14092400
73100 20474400
73200 14464400
73300 13877000
73400 15026900
73500 14751800
73600 14446700
73700 13947500
73800 14038700
73900 14270700
74000 14033800
74100 14177700
74200 14265400
74300 15712500
74400 14511200
74500 14319100
74600 14093400
74700 15038200
74800 14214100
74900 15157700
75000 14379100
75100 14446600
75200 14682000
75300 14650300
75400 15137500
75500 16337000
75600 14519700
75700 14489600
75800 14761500
75900 14521200
76000 18525200
76100 14693000
76200 15515300
76300 21934100
76400 18777300
76500 14964600
76600 14869300
76700 21195300
76800 15218400
76900 14870700
77000 15280200
77100 17734200
77200 17177500
77300 15108200
77400 15012800
77500 15028100
77600 15365400
77700 15479100
77800 15186800
77900 15139900
78000 15744600
78100 15601800
78200 14959100
78300 16226500
78400 15196900
78500 16688700
78600 21801500
78700 15636600
78800 15305200
78900 15263100
79000 16122400
79100 15168500
79200 17860300
79300 15508600
79400 15260100
79500 15404900
79600 15326000
79700 15558400
79800 15561700
79900 17496600
80000 15823800
80100 16095600
80200 15679100
80300 15716800
80400 15755000
80500 15704800
80600 16093400
80700 16053200
80800 17430200
80900 16817900
81000 16162200
81100 16133900
81200 24232400
81300 17024300
81400 16596000
81500 16041100
81600 16334600
81700 16188600
81800 17189800
81900 16293800
82000 16466500
82100 18714400
82200 16152900
82300 16168200
82400 16205600
82500 16853600
82600 16238100
82700 16671000
82800 17490600
82900 16673800
83000 16513000
83100 17120200
83200 16517600
83300 16870000
83400 16758800
83500 16628800
83600 16607700
83700 17771200
83800 16929100
83900 17079000
84000 19562700
84100 19372900
84200 17040900
84300 16725500
84400 17957700
84500 17017600
84600 16609700
84700 16747400
84800 18230400
84900 19039500
85000 16962200
85100 16990200
85200 17238000
85300 16894200
85400 17252500
85500 17512900
85600 17137100
85700 16889000
85800 16933100
85900 17680500
86000 17028700
86100 17464000
86200 17279200
86300 17695400
86400 17201300
86500 17751100
86600 17076100
86700 17916300
86800 17770100
86900 18244700
87000 17305800
87100 18352000
87200 17278100
87300 17564900
87400 18134900
87500 17373900
87600 17822500
87700 17657700
87800 18481900
87900 17954200
88000 17422100
88100 18800300
88200 18985200
88300 17420700
88400 17604200
88500 18968100
88600 18028300
88700 17724900
88800 19032600
88900 17864200
89000 18739100
89100 18179900
89200 18050900
89300 18095200
89400 18127400
89500 17854700
89600 38877800
89700 18578700
89800 18785900
89900 27476800
90000 19683600
90100 19303500
90200 18597100
90300 19297900
90400 18151800
90500 24471900
90600 21293400
90700 42043000
90800 18365800
90900 24660000
91000 19687200
91100 18806500
91200 19728800
91300 18725200
91400 19864700
91500 18630400
91600 19422000
91700 24936400
91800 18620200
91900 19883600
92000 18243000
92100 20131900
92200 18776800
92300 18617500
92400 20347500
92500 19266600
92600 19101600
92700 19499700
92800 19190800
92900 18780100
93000 28871100
93100 18938100
93200 19082200
93300 19180500
93400 18892100
93500 19229000
93600 19003600
93700 19192000
93800 19781600
93900 21105000
94000 19728300
94100 19163900
94200 19434300
94300 19593300
94400 20641800
94500 19510900
94600 19318700
94700 19216100
94800 19751200
94900 19531500
95000 20441200
95100 21128800
95200 19279500
95300 19750400
95400 19640900
95500 19437700
95600 19502100
95700 19470500
95800 29576900
95900 19602500
96000 19922600
96100 20468900
96200 20437700
96300 19750600
96400 19916100
96500 21649100
96600 19893200
96700 21650100
96800 20001400
96900 22123000
97000 20847600
97100 20081300
97200 19949300
97300 20628400
97400 20133800
97500 20378700
97600 23359200
97700 20869500
97800 27740000
97900 20463300
98000 20293400
98100 20247800
98200 20843600
98300 20361000
98400 20819700
98500 20749400
98600 20678000
98700 22778800
98800 22039700
98900 31240100
99000 20721300
99100 20807600
99200 23496800
99300 22550100
99400 21623500
99500 20933100
99600 20731500
99700 20834900
99800 21908400
99900 20949000
100000 23170700
