500 27800
600 16500
700 43500
800 29200
900 32900
1000 79100
1100 64500
1200 38600
1300 40900
1400 92400
1500 102400
1600 86900
1700 70200
1800 97600
1900 73000
2000 91300
2100 83500
2200 84800
2300 87100
2400 87500
2500 127200
2600 367400
2700 104300
2800 111600
2900 120100
3000 204100
3100 113700
3200 120800
3300 156100
3400 151700
3500 158600
3600 154600
3700 159900
3800 204900
3900 171600
4000 171300
4100 178800
4200 184200
4300 187400
4400 185500
4500 412900
4600 205500
4700 198800
4800 384000
4900 336500
5000 207300
5100 420000
5200 425800
5300 637400
5400 238700
5500 225300
5600 457500
5700 234500
5800 492900
5900 442400
6000 23156300
6100 525200
6200 437300
6300 566700
6400 279200
6500 310800
6600 324800
6700 346700
6800 333300
6900 351200
7000 336200
7100 341400
7200 363800
7300 348300
7400 389800
7500 369600
7600 372700
7700 373200
7800 381000
7900 378700
8000 379100
8100 384000
8200 395200
8300 458200
8400 400200
8500 399600
8600 405800
8700 413500
8800 411700
8900 423200
9000 423200
9100 800100
9200 744000
9300 442800
9400 447100
9500 438900
9600 518400
9700 683800
9800 983800
9900 1387700
10000 1347900
10100 2756700
10200 1057900
10300 1321600
10400 1236300
10500 1384900
10600 1381200
10700 2813100
10800 2615400
10900 1105800
11000 1365100
11100 1530800
11200 1671700
11300 1442100
11400 1371900
11500 1517500
11600 1514200
11700 1509300
11800 1544500
11900 1755600
12000 784200
12100 1556400
12200 2747200
12300 1676400
12400 1773100
12500 1826000
12600 1651500
12700 27692900
12800 1586200
12900 1738300
13000 1620300
13100 1982100
13200 1997500
13300 2635800
13400 1286600
13500 2082000
13600 1253900
13700 2258100
13800 1008900
13900 1951300
14000 2132100
14100 2163100
14200 2532800
14300 2179400
14400 6010700
14500 3946300
14600 2361000
14700 1509300
14800 2233300
14900 2249000
15000 2292100
15100 2237800
15200 2292800
15300 1214100
15400 2308300
15500 2334900
15600 2393900
15700 2415400
15800 2333800
15900 2365900
16000 2417900
16100 2420600
16200 2395000
16300 2410700
16400 1846400
16500 2988200
16600 2938200
16700 2513800
16800 1338500
16900 2608900
17000 2554700
17100 2530100
17200 2541900
17300 2545300
17400 2149200
17500 1400400
17600 2779200
17700 2623600
17800 2644900
17900 3258800
18000 2995900
18100 2761200
18200 1793300
18300 2695700
18400 2698000
18500 2883900
18600 2795100
18700 2786200
18800 2730700
18900 4440600
19000 2870700
19100 2808000
19200 3056500
19300 2779600
19400 2742200
19500 1434400
19600 2854800
19700 4165500
19800 2968000
19900 2914700
20000 2521400
20100 1840000
20200 2998700
20300 2949700
20400 3012200
20500 5728500
20600 5422700
20700 1907500
20800 5858500
20900 3175500
21000 3156100
21100 5948500
21200 5706400
21300 3926400
21400 4587600
21500 6221300
21600 6434200
21700 2879800
21800 3175500
21900 2975000
22000 2369000
22100 3177400
22200 3340000
22300 1627100
22400 3929800
22500 3294800
22600 3255600
22700 3278300
22800 1794700
22900 6810100
23000 3299400
23100 3445600
23200 3563200
23300 3521500
23400 3329100
23500 2907800
23600 2078200
23700 5791400
23800 3504500
23900 2270300
24000 3481600
24100 3416400
24200 3446900
24300 3489200
24400 3458400
24500 3510800
24600 3497900
24700 3537000
24800 3754500
24900 3617100
25000 3528900
25100 3580300
25200 4758900
25300 4159000
25400 3852300
25500 3756300
25600 4446300
25700 3817700
25800 2384200
25900 4060600
26000 4742800
26100 4424900
26200 4316500
26300 4391500
26400 4312700
26500 4163300
26600 4547500
26700 4398500
26800 4401100
26900 4481900
27000 4577200
27100 4488100
27200 4462200
27300 4465000
27400 2307300
27500 4512700
27600 4710300
27700 3838400
27800 4562500
27900 4590700
28000 4615800
28100 4959800
28200 3354300
28300 4705600
28400 4742900
28500 4060100
28600 4666300
28700 2767000
28800 4685700
28900 4791900
29000 4762000
29100 8399800
29200 4731900
29300 3726100
29400 8998700
29500 5424200
29600 4969500
29700 3917200
29800 9731700
29900 4802000
30000 2568800
30100 8494600
30200 9968700
30300 1753800
30400 3386200
30500 2845900
30600 1760800
30700 1768500
30800 1811300
30900 2192000
31000 1804900
31100 3371300
31200 1883400
31300 1821200
31400 1838100
31500 1795800
31600 1822400
31700 1825700
31800 1855900
31900 1821500
32000 1824300
32100 1830000
32200 2029300
32300 1830400
32400 2307800
32500 1852800
32600 1836400
32700 1904600
32800 1915200
32900 1890100
33000 1898800
33100 1889100
33200 1933100
33300 1933400
33400 2368600
33500 3198000
33600 1998300
33700 2014100
33800 1973300
33900 1951200
34000 2094200
34100 1957000
34200 1952300
34300 2005700
34400 2173700
34500 1973200
34600 1980500
34700 3671400
34800 1980200
34900 2053200
35000 2047400
35100 2053300
35200 2017900
35300 2032300
35400 2018400
35500 2105200
35600 2033800
35700 2088900
35800 2047600
35900 2040700
36000 3918700
36100 2316700
36200 2086700
36300 3006000
36400 2320200
36500 2123700
36600 2087700
36700 2062900
36800 2056900
36900 2180900
37000 2119400
37100 2079500
37200 4063500
37300 2078700
37400 2119600
37500 2139200
37600 2480000
37700 2114000
37800 2127200
37900 2222500
38000 2130700
38100 2492200
38200 2301100
38300 2185300
38400 2124400
38500 3507200
38600 2497900
38700 2173800
38800 2173100
38900 2172800
39000 2609100
39100 2189600
39200 2196700
39300 14700100
39400 2236700
39500 2207000
39600 2221800
39700 2288100
39800 2251900
39900 2252800
40000 4120100
40100 2254300
40200 2320300
40300 2301700
40400 2269600
40500 2318300
40600 2557500
40700 2564800
40800 2276800
40900 2345200
41000 4363000
41100 2305000
41200 3023600
41300 2731300
41400 2312200
41500 2307300
41600 2494500
41700 4502100
41800 2566000
41900 2392100
42000 2372000
42100 2383500
42200 4551300
42300 2402400
42400 2405700
42500 2445500
42600 2383600
42700 2392800
42800 2400700
42900 3000300
43000 2407300
43100 3179100
43200 2473900
43300 2406000
43400 2421800
43500 2428300
43600 2426300
43700 2469500
43800 2836900
43900 2470200
44000 2620100
44100 2890800
44200 2711800
44300 2748800
44400 3708500
44500 5152900
44600 2569200
44700 7546200
44800 4072300
44900 2866000
45000 2996300
45100 2504900
45200 2541200
45300 2573000
45400 2506700
45500 2577600
45600 2657300
45700 3780400
45800 3809200
45900 2580600
46000 2556800
46100 2659000
46200 2713700
46300 2548500
46400 2907300
46500 2605000
46600 2612100
46700 2573700
46800 2599900
46900 3040800
47000 2889200
47100 2870100
47200 2608900
47300 4637100
47400 2711200
47500 2837600
47600 2669500
47700 2964400
47800 2959900
47900 2775300
48000 2965500
48100 2668400
48200 2748100
48300 3228300
48400 5218800
48500 2686900
48600 2735300
48700 2916400
48800 3104000
48900 2793800
49000 2711900
49100 3188300
49200 4341700
49300 2772300
49400 2735400
49500 2789300
49600 2738000
49700 2751800
49800 3027400
49900 2798500
50000 2772400
50100 4097700
50200 2789500
50300 5301500
50400 2795200
50500 2830000
50600 2797500
50700 2794500
50800 2812400
50900 2833500
51000 2839500
51100 2854900
51200 2842200
51300 2923000
51400 3156200
51500 3178700
51600 3096000
51700 3078100
51800 3255600
51900 3193300
52000 3225500
52100 3251300
52200 3640900
52300 3576200
52400 3391500
52500 3348400
52600 3369000
52700 3374800
52800 8457800
52900 3366900
53000 3509500
53100 3473800
53200 3444000
53300 3415200
53400 3487100
53500 3401000
53600 3427400
53700 3436200
53800 3643200
53900 4462200
54000 4093100
54100 3439500
54200 3424200
54300 3485200
54400 3869000
54500 3443900
54600 3657200
54700 3531900
54800 3731600
54900 4550800
55000 3474800
55100 3504700
55200 3989100
55300 3527400
55400 3513400
55500 3556100
55600 3495800
55700 3752500
55800 3947600
55900 3509400
56000 3516300
56100 8125600
56200 3517800
56300 3526500
56400 3522000
56500 3627500
56600 3664500
56700 3538700
56800 5140300
56900 3583400
57000 3589600
57100 3860300
57200 3573900
57300 3678500
57400 3597300
57500 3683100
57600 3811400
57700 3775300
57800 4082400
57900 3957600
58000 3666100
58100 3651100
58200 3806100
58300 3700100
58400 3670000
58500 3741200
58600 3685300
58700 3707000
58800 3677700
58900 3719600
59000 3752600
59100 3714100
59200 6190700
59300 4383900
59400 3794300
59500 9803800
59600 3820600
59700 3906000
59800 3976200
59900 4171300
60000 3813300
60100 3814900
60200 4075200
60300 3937500
60400 4207200
60500 3862200
60600 3885100
60700 3841800
60800 4026600
60900 3879800
61000 4503600
61100 5023500
61200 6381900
61300 4782800
61400 3855100
61500 3878300
61600 4477100
61700 4160100
61800 4132800
61900 3882600
62000 3924800
62100 3894200
62200 4648000
62300 4038100
62400 3893200
62500 4489700
62600 4010800
62700 3970000
62800 3903100
62900 3942200
63000 4068500
63100 3973200
63200 4164500
63300 4362600
63400 4148400
63500 4143500
63600 4025100
63700 3990100
63800 4042500
63900 3956300
64000 6041800
64100 4072400
64200 4354500
64300 6505700
64400 4134300
64500 4075600
64600 4146800
64700 5983000
64800 4424600
64900 6666700
65000 4071600
65100 4094700
65200 4262700
65300 4071900
65400 4171500
65500 4088100
65600 4110600
65700 4149400
65800 6252400
65900 4211600
66000 4511000
66100 4106500
66200 4169300
66300 4328300
66400 4118900
66500 4527800
66600 4154700
66700 4147900
66800 4143700
66900 4178600
67000 4160600
67100 4197900
67200 4203500
67300 4179600
67400 6726400
67500 8207800
67600 5108400
67700 4179500
67800 4169600
67900 4198000
68000 4257300
68100 4222500
68200 4221300
68300 4237100
68400 4257800
68500 4210500
68600 4281100
68700 4483000
68800 4361500
68900 4242900
69000 4246000
69100 4304100
69200 4518700
69300 4552100
69400 4274900
69500 5844000
69600 4290000
69700 4310200
69800 4838900
69900 11882100
70000 4780200
70100 4336200
70200 4799600
70300 4333000
70400 4683500
70500 4392700
70600 4560500
70700 7914300
70800 4398600
70900 4384100
71000 4544700
71100 4886100
71200 4442300
71300 4861000
71400 4398100
71500 4445400
71600 4671700
71700 4616300
71800 4471400
71900 5519000
72000 4485300
72100 4740500
72200 4781900
72300 4458300
72400 4743000
72500 5116200
72600 4515400
72700 4476000
72800 4452900
72900 4475000
73000 5119700
73100 4477400
73200 5037200
73300 5076600
73400 4509400
73500 4608300
73600 4743900
73700 4765600
73800 4870600
73900 6996700
74000 4523100
74100 4811900
74200 5066600
74300 7232600
74400 4916800
74500 4581700
74600 4587200
74700 12520700
74800 4921700
74900 5009500
75000 4763800
75100 8357600
75200 4748500
75300 4593800
75400 5280300
75500 7563400
75600 4671600
75700 5044200
75800 4752700
75900 7253200
76000 4657600
76100 4949000
76200 4904200
76300 4804000
76400 5196900
76500 4721300
76600 4699200
76700 4802900
76800 4713000
76900 4686300
77000 9586200
77100 4721500
77200 6223300
77300 4877500
77400 4721900
77500 4758100
77600 4917500
77700 4881100
77800 5449200
77900 4737400
78000 4858700
78100 4811300
78200 7688400
78300 4826800
78400 5079200
78500 5322500
78600 4844000
78700 4879500
78800 5228700
78900 4830300
79000 5309100
79100 4819200
79200 9916900
79300 4933000
79400 4893500
79500 4886800
79600 4923300
79700 7257300
79800 4858900
79900 4881500
80000 4916800
80100 4936900
80200 4906700
80300 4894900
80400 4973700
80500 4889600
80600 5086100
80700 5394800
80800 7626400
80900 4945700
81000 4924300
81100 5284500
81200 4957200
81300 4894100
81400 9328100
81500 5299100
81600 5014600
81700 5404700
81800 4932200
81900 5025400
82000 5251700
82100 6522800
82200 7029500
82300 5035300
82400 5108700
82500 5177500
82600 5035900
82700 11533600
82800 5155900
82900 5840100
83000 5399900
83100 5057400
83200 5014300
83300 5032000
83400 5413100
83500 5127600
83600 5046000
83700 5447000
83800 5050400
83900 5120700
84000 6524500
84100 5085500
84200 5526400
84300 5101900
84400 8301900
84500 5122400
84600 5114300
84700 8342100
84800 5135000
84900 5347600
85000 5276700
85100 5303400
85200 7019600
85300 5167200
85400 5190600
85500 5250200
85600 5202900
85700 8761200
85800 5904700
85900 6251700
86000 5175900
86100 5310800
86200 5322400
86300 6662200
86400 5331200
86500 5762700
86600 5674300
86700 5879300
86800 5328500
86900 5373500
87000 5359600
87100 5310500
87200 5568400
87300 5443700
87400 5502300
87500 5453000
87600 5875100
87700 5437400
87800 5430300
87900 6115300
88000 7513500
88100 5754400
88200 5416300
88300 5927800
88400 5816800
88500 5435200
88600 5795100
88700 5785200
88800 5619700
88900 5418300
89000 5506000
89100 5416800
89200 5502100
89300 5774000
89400 5446100
89500 5655500
89600 5433100
89700 8973000
89800 7132100
89900 5538900
90000 5683700
90100 10174700
90200 5632300
90300 6333200
90400 5550300
90500 9618300
90600 5492800
90700 5479900
90800 6203100
90900 11977600
91000 5534900
91100 6559900
91200 5491400
91300 5580100
91400 5934300
91500 5964900
91600 7927500
91700 5526500
91800 7330800
91900 5814700
92000 5684900
92100 6142200
92200 5571600
92300 5923500
92400 5812300
92500 6156200
92600 5664700
92700 5530800
92800 5708600
92900 5601500
93000 5621600
93100 5682200
93200 6100800
93300 5812700
93400 5869500
93500 5616300
93600 6185100
93700 5736000
93800 5846800
93900 10575300
94000 6295700
94100 5811800
94200 5913800
94300 10018800
94400 6220700
94500 5657100
94600 9718700
94700 5655600
94800 6569800
94900 9016700
95000 5753400
95100 6005800
95200 8934600
95300 5626100
95400 5711800
95500 5666500
95600 5914400
95700 5720000
95800 5681300
95900 7049700
96000 5929700
96100 5882300
96200 6069600
96300 9284000
96400 5976300
96500 5744000
96600 6056600
96700 6300500
96800 6034800
96900 11355400
97000 5878500
97100 6062600
97200 6056100
97300 5865600
97400 5828200
97500 8932900
97600 6335200
97700 5958500
97800 5848900
97900 6219700
98000 5963600
98100 5872800
98200 6093300
98300 6041700
98400 6265600
98500 6101100
98600 5959000
98700 6474800
98800 6133400
98900 5903000
99000 5919800
99100 6241700
99200 6073300
99300 6207200
99400 6064300
99500 5983800
99600 6137700
99700 6073900
99800 6201200
99900 5955400
100000 8045200
