500 70800
600 63400
700 87700
800 125000
900 98400
1000 493300
1100 157500
1200 136100
1300 224200
1400 257600
1500 282300
1600 261100
1700 209500
1800 254600
1900 277200
2000 291400
2100 264600
2200 302900
2300 283400
2400 298400
2500 377400
2600 324200
2700 345400
2800 653000
2900 375700
3000 399400
3100 414400
3200 422400
3300 420300
3400 447600
3500 453700
3600 463500
3700 478500
3800 504900
3900 520400
4000 527000
4100 542000
4200 571600
4300 564400
4400 599000
4500 1341400
4600 706900
4700 635300
4800 911600
4900 667200
5000 688700
5100 817200
5200 967300
5300 1225000
5400 750800
5500 762500
5600 1655700
5700 815500
5800 1112900
5900 971000
6000 1120700
6100 1153600
6200 1143700
6300 1455900
6400 2151300
6500 1184800
6600 1255500
6700 984400
6800 944400
6900 1049400
7000 1156200
7100 1001000
7200 1012400
7300 1082700
7400 1098800
7500 1237900
7600 1085200
7700 1093000
7800 1104300
7900 1181400
8000 1175800
8100 1261800
8200 1219500
8300 1210400
8400 1227900
8500 1251600
8600 1238500
8700 1235800
8800 1379800
8900 1324900
9000 1587000
9100 4139100
9200 2124300
9300 1378600
9400 1389800
9500 1834900
9600 1670000
9700 1484400
9800 2820900
9900 4163500
10000 4178600
10100 5064700
10200 4173800
10300 4156200
10400 4272600
10500 3763600
10600 3419100
10700 4644500
10800 5790700
10900 2473200
11000 4568800
11100 3981700
11200 5659700
11300 5345000
11400 4634600
11500 5360800
11600 5219200
11700 5044700
11800 4697500
11900 5172600
12000 2654500
12100 5337300
12200 6052800
12300 5422800
12400 2995400
12500 5394900
12600 6028300
12700 12853200
12800 5501500
12900 3912700
13000 5606300
13100 5776300
13200 5806400
13300 5762400
13400 5828700
13500 5772300
13600 5682900
13700 4870400
13800 3075300
13900 6046400
14000 6042600
14100 7338500
14200 6098900
14300 6702900
14400 9254500
14500 3942800
14600 7952300
14700 8386100
14800 3319400
14900 6532900
15000 5797900
15100 7228500
15200 6773000
15300 3742100
15400 6517700
15500 4107400
15600 6876000
15700 6980400
15800 6186100
15900 7226200
16000 7064700
16100 5253000
16200 7037300
16300 7021900
16400 7262500
16500 7516700
16600 7389800
16700 7361900
16800 10264100
16900 7595200
17000 7487000
17100 7566400
17200 7970300
17300 7813300
17400 7931500
17500 10458400
17600 7262400
17700 6047100
17800 5129300
17900 8078000
18000 8104100
18100 7909300
18200 6902600
18300 7660400
18400 8144900
18500 8152500
18600 8849600
18700 8329400
18800 8670100
18900 11521600
19000 8358700
19100 8915100
19200 8816600
19300 8037000
19400 7347500
19500 5273600
19600 8881800
19700 8583300
19800 8456600
19900 9347300
20000 8614400
20100 4784000
20200 9420700
20300 9230300
20400 8811900
20500 7730000
20600 11096300
20700 12486200
20800 9440400
20900 11163400
21000 13326400
21100 11789300
21200 12901900
21300 9564800
21400 12373400
21500 13795800
21600 10932000
21700 16130700
21800 10539000
21900 9894400
22000 10606400
22100 6590900
22200 10812100
22300 6911400
22400 11260600
22500 10225000
22600 10527600
22700 10397200
22800 5525000
22900 14757400
23000 10498800
23100 10622500
23200 10095800
23300 11983800
23400 10620400
23500 10250300
23600 10669200
23700 10591100
23800 10933100
23900 10536100
24000 11011200
24100 10091200
24200 10494300
24300 11054800
24400 11432200
24500 11998200
24600 10821700
24700 10895400
24800 11605100
24900 11784500
25000 11676600
25100 14795000
25200 15300000
25300 9578300
25400 11071500
25500 11815800
25600 11587900
25700 12412900
25800 12848500
25900 12067000
26000 11823800
26100 12013100
26200 11618700
26300 13962800
26400 11728400
26500 12115000
26600 12215600
26700 13124700
26800 12307400
26900 12600300
27000 10732300
27100 12224300
27200 12512300
27300 5450600
27400 12396700
27500 11945200
27600 12910000
27700 13414700
27800 19664700
27900 13294700
28000 13636600
28100 12385400
28200 11636700
28300 13299700
28400 12935500
28500 12963000
28600 8729400
28700 7726100
28800 12786300
28900 12414100
29000 11165100
29100 23644800
29200 13160100
29300 8727300
29400 12379100
29500 15428300
29600 17034600
29700 13236000
29800 18539900
29900 13680200
30000 18273800
30100 14610600
30200 18207600
30300 5071400
30400 6614700
30500 5147700
30600 5243500
30700 5507300
30800 5234300
30900 5092600
31000 5891300
31100 7033700
31200 5140200
31300 5170300
31400 6173400
31500 5194700
31600 5447800
31700 5363400
31800 5299800
31900 7558400
32000 5642000
32100 5409800
32200 5272500
32300 5394500
32400 7936900
32500 5621400
32600 5681500
32700 5990400
32800 5712300
32900 5861400
33000 6570600
33100 5691900
33200 5826300
33300 5885800
33400 5562700
33500 5710200
33600 5600900
33700 5588100
33800 5673500
33900 5874800
34000 6057600
34100 6037400
34200 5910800
34300 6445900
34400 5855200
34500 5763200
34600 6235100
34700 5944400
34800 5845200
34900 5991800
35000 5998500
35100 5854700
35200 5955400
35300 6064400
35400 6410600
35500 5909500
35600 5990100
35700 6000100
35800 5998600
35900 6007400
36000 6170300
36100 7191800
36200 6628200
36300 6210300
36400 6303700
36500 8422100
36600 6256300
36700 6258900
36800 7044300
36900 6507200
37000 6413100
37100 7825900
37200 8365000
37300 6315500
37400 6301600
37500 7235000
37600 6516200
37700 6447700
37800 6385300
37900 7304700
38000 6385700
38100 6558400
38200 6569600
38300 6621000
38400 6741100
38500 9987400
38600 6521700
38700 6848100
38800 6566100
38900 6858000
39000 7047500
39100 6613500
39200 6900100
39300 10125400
39400 6829500
39500 6644100
39600 6750800
39700 6926500
39800 6996300
39900 7551700
40000 6797400
40100 8101900
40200 6937800
40300 7002400
40400 6978700
40500 7101000
40600 7131600
40700 6959100
40800 7145600
40900 7049200
41000 7045100
41100 7592200
41200 7162400
41300 7034700
41400 7053300
41500 8594100
41600 7276200
41700 7119200
41800 7243400
41900 7127100
42000 7421800
42100 8026100
42200 9874700
42300 11589500
42400 7519000
42500 8664500
42600 7554300
42700 7410900
42800 7385500
42900 7446900
43000 7593000
43100 7639300
43200 8010700
43300 7750100
43400 7607000
43500 7611100
43600 7707800
43700 7664200
43800 7437200
43900 7591700
44000 7552200
44100 8132800
44200 7860800
44300 7672700
44400 8722100
44500 11372600
44600 7934900
44700 7868300
44800 7769100
44900 7906700
45000 8194000
45100 8080300
45200 10723000
45300 8164200
45400 8194300
45500 8262500
45600 12979900
45700 7968000
45800 9511300
45900 7887400
46000 8286200
46100 8031500
46200 12937700
46300 8195300
46400 8179800
46500 9456900
46600 8310200
46700 8569900
46800 8167700
46900 8099400
47000 8167700
47100 9127500
47200 8355000
47300 9818500
47400 8381400
47500 8389300
47600 10230800
47700 8624200
47800 8816500
47900 8288900
48000 8424000
48100 8464800
48200 8819200
48300 8691100
48400 8563800
48500 8470700
48600 8546300
48700 9629900
48800 8938600
48900 8836400
49000 8704400
49100 9064700
49200 9827300
49300 8538300
49400 8734900
49500 10176400
49600 8713500
49700 9075000
49800 8871500
49900 9204500
50000 8816000
50100 10917900
50200 9215100
50300 9363400
50400 8877400
50500 8910300
50600 9413500
50700 9092800
50800 9301200
50900 9003000
51000 9338000
51100 9417700
51200 9627800
51300 8942000
51400 9262500
51500 9373700
51600 9279300
51700 9084000
51800 9311400
51900 9131200
52000 9442400
52100 9197300
52200 9200200
52300 9283300
52400 9266300
52500 9152600
52600 9431500
52700 10235600
52800 9679300
52900 9114500
53000 9878400
53100 9168000
53200 14027600
53300 9224900
53400 9493500
53500 9142700
53600 9773000
53700 9398500
53800 9659400
53900 9438500
54000 9930400
54100 9975200
54200 9370200
54300 9335500
54400 9860800
54500 9717500
54600 9372300
54700 9606300
54800 9828400
54900 14951400
55000 9778500
55100 10229500
55200 10092600
55300 10185500
55400 9794200
55500 9802100
55600 9828500
55700 9930600
55800 9863200
55900 9628100
56000 11748800
56100 12888100
56200 9841900
56300 9669200
56400 9931900
56500 9861900
56600 13582400
56700 10880900
56800 10002000
56900 9800600
57000 10214600
57100 11177200
57200 9981700
57300 10209400
57400 9954900
57500 9863400
57600 10607500
57700 10710100
57800 12661400
57900 10332600
58000 10665500
58100 10102200
58200 13836600
58300 10184600
58400 10175200
58500 10669300
58600 10795300
58700 10922700
58800 10468700
58900 10391100
59000 10317300
59100 10504700
59200 12317100
59300 10627400
59400 10672300
59500 11780500
59600 10804900
59700 10648600
59800 10607700
59900 10840100
60000 14699900
60100 10806500
60200 11265700
60300 10676600
60400 11015800
60500 10774700
60600 11108000
60700 10936200
60800 11042200
60900 10720000
61000 11522200
61100 10735400
61200 10867000
61300 11261200
61400 11052700
61500 11085000
61600 11127600
61700 11213400
61800 11561000
61900 11520100
62000 11045500
62100 10978100
62200 11091200
62300 11512600
62400 11676600
62500 11179700
62600 11247700
62700 11711800
62800 11673000
62900 11255900
63000 11765400
63100 11513900
63200 11306000
63300 11883000
63400 11277800
63500 11215300
63600 11161600
63700 11022400
63800 11245600
63900 14164000
64000 16595700
64100 11926300
64200 15917500
64300 12412100
64400 12111600
64500 11666500
64600 12211500
64700 12941100
64800 12859500
64900 11591400
65000 11514000
65100 13449300
65200 11831000
65300 12333200
65400 11379800
65500 11410900
65600 11675200
65700 11616500
65800 17441500
65900 11942200
66000 12850100
66100 11748100
66200 11560700
66300 11948200
66400 11894700
66500 12172300
66600 11950800
66700 12022000
66800 12091500
66900 11769700
67000 12393700
67100 12063200
67200 11896500
67300 12123200
67400 25269800
67500 14086700
67600 12116500
67700 12290000
67800 11975700
67900 12989300
68000 11951200
68100 12285100
68200 12179000
68300 12154000
68400 12111200
68500 12415300
68600 12162200
68700 12525800
68800 12303100
68900 13467400
69000 12287400
69100 12372300
69200 12507600
69300 13121500
69400 12428100
69500 13279900
69600 12737700
69700 13254800
69800 12861600
69900 13532600
70000 12891100
70100 12638300
70200 12555000
70300 12824800
70400 12750100
70500 13031400
70600 12597000
70700 12728900
70800 12364800
70900 12928900
71000 12873500
71100 12830900
71200 12923200
71300 12889300
71400 13055900
71500 12904900
71600 12992600
71700 12996700
71800 12598000
71900 13371600
72000 13219900
72100 12828900
72200 13405700
72300 12695300
72400 12898800
72500 13334600
72600 13173700
72700 12971500
72800 12975700
72900 13009500
73000 13394000
73100 15717000
73200 13187700
73300 13021900
73400 14041100
73500 19760700
73600 13062200
73700 13341800
73800 13296400
73900 20018000
74000 13291000
74100 13396700
74200 13347400
74300 15042400
74400 13427400
74500 13808000
74600 13055200
74700 16716500
74800 13701400
74900 13584200
75000 14425400
75100 13222000
75200 13545700
75300 13881100
75400 13624800
75500 21800600
75600 13838700
75700 13780400
75800 13375400
75900 19506800
76000 14691600
76100 13967700
76200 13660900
76300 17901100
76400 13840600
76500 14444400
76600 14068300
76700 13758400
76800 13893000
76900 14000500
77000 20786200
77100 13589500
77200 14123300
77300 14005000
77400 14407100
77500 14372200
77600 13981900
77700 14118200
77800 14028100
77900 14059800
78000 13962600
78100 15096400
78200 14945000
78300 14611200
78400 14268700
78500 14083000
78600 14224000
78700 14176400
78800 14560200
78900 14271100
79000 14545400
79100 14075200
79200 14198200
79300 14505200
79400 14442100
79500 14502000
79600 14392500
79700 14254400
79800 14304300
79900 14353500
80000 14509100
80100 15346800
80200 14744000
80300 14408600
80400 15120200
80500 14642800
80600 14512200
80700 14720200
80800 14823800
80900 15067900
81000 15209900
81100 15453200
81200 16408800
81300 14898300
81400 19951500
81500 14902800
81600 14887400
81700 14978900
81800 15057900
81900 22387600
82000 15271500
82100 14974500
82200 14747800
82300 15165000
82400 14952600
82500 15141700
82600 15429500
82700 14990800
82800 14946600
82900 14893300
83000 14782000
83100 15387900
83200 15215600
83300 16317400
83400 15378500
83500 15143600
83600 15429000
83700 21698400
83800 15002000
83900 15197600
84000 17115000
84100 17009900
84200 15678100
84300 15137700
84400 15578400
84500 15288500
84600 15264500
84700 23237700
84800 15459600
84900 15424500
85000 15346700
85100 16345200
85200 16055200
85300 15412500
85400 15780200
85500 15645400
85600 15432400
85700 16217600
85800 15818000
85900 23237700
86000 15830100
86100 15853500
86200 15754200
86300 15635900
86400 16396100
86500 16246500
86600 15843500
86700 15801100
86800 15821800
86900 15818200
87000 15913200
87100 15839700
87200 15870700
87300 16517600
87400 16575700
87500 16164300
87600 15807400
87700 17189600
87800 17721700
87900 16133800
88000 16288900
88100 17214900
88200 16460400
88300 16295000
88400 15928700
88500 16098700
88600 16307000
88700 16246000
88800 16416700
88900 16013200
89000 18250100
89100 16250000
89200 16354300
89300 16855400
89400 16726700
89500 18672900
89600 16668500
89700 16581000
89800 16657600
89900 20283700
90000 18248400
90100 16578000
90200 16741300
90300 18092200
90400 16877900
90500 27351700
90600 44377400
90700 17347000
90800 16731900
90900 23751700
91000 16649500
91100 19132900
91200 18725700
91300 16717500
91400 19955200
91500 16831400
91600 18481000
91700 17151500
91800 17909400
91900 17605700
92000 17076900
92100 17226900
92200 17272800
92300 17162600
92400 19974100
92500 17522500
92600 18089700
92700 22708600
92800 17069100
92900 19224100
93000 17198800
93100 17236700
93200 17416400
93300 18548100
93400 17250500
93500 17150300
93600 17630100
93700 17501200
93800 17009200
93900 23381900
94000 18187900
94100 17541100
94200 17309400
94300 18985200
94400 17505700
94500 17398000
94600 19751000
94700 17474600
94800 17619400
94900 19159600
95000 18109100
95100 18026400
95200 21418500
95300 18807400
95400 18847800
95500 25907600
95600 17486200
95700 18165500
95800 17888500
95900 17928200
96000 18003700
96100 18216000
96200 18588200
96300 17706600
96400 19653700
96500 17760400
96600 18007800
96700 18430500
96800 17762300
96900 18241000
97000 19341000
97100 17749100
97200 17690700
97300 17996600
97400 17947600
97500 19315600
97600 18697400
97700 18046600
97800 18928600
97900 17878900
98000 18528700
98100 18498000
98200 18822800
98300 18658600
98400 18277200
98500 18273700
98600 18827700
98700 18821100
98800 19310400
98900 18529100
99000 19201900
99100 18555700
99200 25181200
99300 18207000
99400 18849700
99500 21028600
99600 18879100
99700 18558100
99800 19127000
99900 18321000
100000 19840800
