500 314200
600 268000
700 236700
800 239100
900 548800
1000 491500
1100 559900
1200 474500
1300 404500
1400 440100
1500 468000
1600 672100
1700 539900
1800 535900
1900 592400
2000 601400
2100 657400
2200 790000
2300 720700
2400 953400
2500 756200
2600 781400
2700 956800
2800 848800
2900 907700
3000 909700
3100 955800
3200 1369900
3300 1020600
3400 1268000
3500 1071200
3600 1104800
3700 1130900
3800 1159900
3900 1184300
4000 1222500
4100 1612200
4200 1290700
4300 1341800
4400 1382600
4500 2479400
4600 2572800
4700 1470100
4800 1498300
4900 1554400
5000 2783300
5100 2969100
5200 2765400
5300 3404500
5400 3132100
5500 2158400
5600 2030300
5700 3019200
5800 1998700
5900 1878300
6000 3400800
6100 3253300
6200 2686900
6300 3774500
6400 2079200
6500 2400000
6600 2599500
6700 2957100
6800 3537600
6900 2208200
7000 2222300
7100 2738100
7200 2308600
7300 3390300
7400 2540300
7500 2532000
7600 2421400
7700 2946800
7800 2441600
7900 2690200
8000 2541800
8100 3634200
8200 2599000
8300 2690000
8400 3474200
8500 2706400
8600 2766500
8700 2799300
8800 2848000
8900 2865600
9000 2906900
9100 2948600
9200 5029400
9300 3015100
9400 3066400
9500 8896700
9600 3199900
9700 3288100
9800 5508200
9900 7155600
10000 7130300
10100 12864400
10200 8376800
10300 8428800
10400 9335300
10500 9201100
10600 8638200
10700 10054200
10800 18415500
10900 6065600
11000 8332900
11100 10106800
11200 9436600
11300 10304400
11400 9855400
11500 10557500
11600 10512700
11700 8621800
11800 11153400
11900 11494300
12000 10687000
12100 12299500
12200 11400200
12300 11179000
12400 10988000
12500 11046700
12600 11090500
12700 11550300
12800 8093000
12900 11701300
13000 11920700
13100 15482700
13200 11088800
13300 12466500
13400 10319600
13500 11391400
13600 11224300
13700 13110100
13800 7439300
13900 13212800
14000 13384700
14100 10615700
14200 14013200
14300 14894400
14400 12906600
14500 13659300
14600 15426000
14700 14418100
14800 11759400
14900 13390400
15000 12611700
15100 15001900
15200 13618800
15300 25356400
15400 13134000
15500 14539000
15600 13870800
15700 14416900
15800 14335000
15900 20195500
16000 15568900
16100 19955900
16200 14922200
16300 14948900
16400 18906800
16500 24941200
16600 16270300
16700 14619900
16800 14573900
16900 12554000
17000 15430800
17100 16527300
17200 15712900
17300 15608800
17400 15881600
17500 16610400
17600 16493200
17700 16454300
17800 16889200
17900 16502900
18000 17437800
18100 16569400
18200 16132000
18300 12020300
18400 16664200
18500 16231100
18600 16760200
18700 18013400
18800 18344900
18900 31595700
19000 17549200
19100 18408600
19200 17399700
19300 18317200
19400 18372800
19500 18532400
19600 18220300
19700 12542500
19800 18886500
19900 18942600
20000 14054400
20100 29673100
20200 19425600
20300 14929900
20400 19255800
20500 26608000
20600 17949700
20700 10568600
20800 23388100
20900 25566200
21000 25997700
21100 27525500
21200 35846900
21300 26222900
21400 35057400
21500 33650000
21600 35222600
21700 30269400
21800 32478300
21900 19971800
22000 20685100
22100 25677300
22200 19327600
22300 20444400
22400 21210600
22500 20975200
22600 20264100
22700 21548200
22800 30706500
22900 27508700
23000 21821700
23100 22346100
23200 22471100
23300 20392100
23400 22020800
23500 20833400
23600 22441500
23700 22130900
23800 25413800
23900 22436700
24000 20936100
24100 22897000
24200 22709900
24300 18088600
24400 21506700
24500 22403800
24600 17422700
24700 26832600
24800 21841500
24900 23436500
25000 22190500
25100 23518100
25200 13316000
25300 24019300
25400 24224500
25500 24537700
25600 25104000
25700 25544100
25800 23889000
25900 24280000
26000 42026200
26100 23510700
26200 22555100
26300 23442700
26400 25491900
26500 24883200
26600 24349700
26700 25946800
26800 24314500
26900 25254600
27000 26134900
27100 41542800
27200 26432200
27300 25954800
27400 39002200
27500 24597300
27600 26450000
27700 26491000
27800 25430400
27900 16183500
28000 28950700
28100 37911800
28200 33657600
28300 32957600
28400 26962300
28500 24109500
28600 26916000
28700 27347700
28800 27673900
28900 27400400
29000 27250200
29100 45759800
29200 43112700
29300 22456000
29400 26770600
29500 35137600
29600 39939700
29700 32655500
29800 30119300
29900 36680600
30000 36607300
30100 25255000
30200 41461400
30300 11845400
30400 10925300
30500 12583400
30600 14492100
30700 15682100
30800 10838000
30900 10466600
31000 12277000
31100 10814800
31200 14042900
31300 11091900
31400 10865600
31500 10741300
31600 10592300
31700 10720800
31800 10995000
31900 10942500
32000 10866500
32100 11464300
32200 11059200
32300 11228400
32400 10904700
32500 11061200
32600 11082300
32700 11257100
32800 11014300
32900 11113200
33000 11175500
33100 11129500
33200 12622700
33300 11251700
33400 18326500
33500 11682500
33600 13121000
33700 11558300
33800 11925100
33900 11638800
34000 11488100
34100 11806500
34200 12111800
34300 11980500
34400 11861000
34500 12362900
34600 13411800
34700 11981600
34800 12429700
34900 13233300
35000 12303800
35100 11956700
35200 17857300
35300 12206200
35400 13895500
35500 12400400
35600 12064000
35700 12360400
35800 12251100
35900 12851000
36000 15140200
36100 13870100
36200 17145500
36300 12685800
36400 12400900
36500 12612000
36600 12869100
36700 12815300
36800 12837900
36900 19913000
37000 13097400
37100 14868500
37200 12930600
37300 12997000
37400 12999100
37500 13353400
37600 17468700
37700 13075900
37800 12990600
37900 13656000
38000 13547800
38100 13340800
38200 13507000
38300 13475100
38400 13358900
38500 13397400
38600 13445000
38700 13364300
38800 13645400
38900 13724700
39000 13726700
39100 13754000
39200 13800700
39300 13906000
39400 16285800
39500 14110000
39600 13819900
39700 13938100
39800 14243500
39900 14748700
40000 14401500
40100 14068900
40200 14199600
40300 13965300
40400 14176500
40500 14179500
40600 15019700
40700 14417300
40800 13866000
40900 17146900
41000 14317300
41100 14113100
41200 14315800
41300 14571800
41400 14452600
41500 27785500
41600 14888000
41700 14695700
41800 17760300
41900 15164900
42000 16088300
42100 14620800
42200 14703100
42300 14539000
42400 14740800
42500 14830600
42600 14637700
42700 15684700
42800 14930700
42900 15659300
43000 14952400
43100 14960300
43200 16523900
43300 19744500
43400 15257700
43500 15151000
43600 15176200
43700 23823000
43800 15513400
43900 15522400
44000 15382800
44100 15747800
44200 15414100
44300 15570500
44400 17410700
44500 16074600
44600 18200300
44700 16338400
44800 15631700
44900 15796200
45000 24191500
45100 15816900
45200 15743800
45300 16151500
45400 15817500
45500 16975300
45600 16567700
45700 16910400
45800 15885400
45900 16307000
46000 16119600
46100 35626400
46200 18130700
46300 15968900
46400 18443700
46500 16264500
46600 16458200
46700 16929200
46800 16390800
46900 16412600
47000 16229700
47100 16664900
47200 16528300
47300 20610200
47400 18533600
47500 16651600
47600 16482200
47700 16566000
47800 16797200
47900 16841500
48000 16648100
48100 24008000
48200 18082400
48300 16872700
48400 16828900
48500 16795800
48600 17029300
48700 17671800
48800 18624300
48900 16986500
49000 18478700
49100 17263900
49200 17523900
49300 17295300
49400 20010600
49500 17335600
49600 17461000
49700 17391600
49800 17400800
49900 17368700
50000 17725500
50100 17272100
50200 17703000
50300 17986700
50400 18396500
50500 18082400
50600 23891300
50700 17418600
50800 19713700
50900 17969600
51000 17896300
51100 18071900
51200 18499800
51300 18212600
51400 18024700
51500 21109900
51600 20431800
51700 18242700
51800 18018800
51900 18223200
52000 18349100
52100 20366800
52200 22143900
52300 18485300
52400 18541700
52500 18711400
52600 18496400
52700 19010100
52800 21278400
52900 22204200
53000 18542800
53100 18787800
53200 18602600
53300 18583000
53400 18599000
53500 23610400
53600 19252800
53700 19184800
53800 20233300
53900 18964500
54000 19007000
54100 19958600
54200 19080100
54300 22248700
54400 23880300
54500 21846600
54600 19304500
54700 19690500
54800 19553000
54900 22713100
55000 19323000
55100 22221900
55200 19537400
55300 19650700
55400 22524600
55500 27990600
55600 19459800
55700 19971400
55800 19819400
55900 19941200
56000 20688700
56100 19799800
56200 19577200
56300 19975700
56400 20072100
56500 19740500
56600 30742600
56700 22094100
56800 19748600
56900 20126500
57000 19978000
57100 19974800
57200 33484500
57300 19984600
57400 20289800
57500 19955100
57600 20141600
57700 20866300
57800 20711100
57900 20773500
58000 21489700
58100 20674000
58200 24131300
58300 20799800
58400 20383000
58500 20901700
58600 20843000
58700 22793300
58800 20641200
58900 20757100
59000 20612600
59100 20836800
59200 26374200
59300 21281800
59400 22647600
59500 21149600
59600 27680400
59700 21529300
59800 21205800
59900 22097500
60000 21829900
60100 21210700
60200 29699700
60300 21589900
60400 21684300
60500 21438700
60600 21594400
60700 22106000
60800 25437600
60900 24500500
61000 22115400
61100 21508900
61200 25047300
61300 21567500
61400 22330600
61500 22211800
61600 22990200
61700 35483900
61800 22215100
61900 21834800
62000 22281200
62100 26033800
62200 21871300
62300 22439000
62400 24253800
62500 22285500
62600 22650700
62700 22824300
62800 22051600
62900 23506800
63000 22512800
63100 33645400
63200 22118600
63300 22498000
63400 22465500
63500 22195200
63600 23336700
63700 23822000
63800 24591900
63900 23933600
64000 22806100
64100 22755000
64200 22898400
64300 22777700
64400 22825200
64500 22927500
64600 23112600
64700 26535700
64800 26752800
64900 23129400
65000 23237000
65100 23684600
65200 33258500
65300 23166700
65400 27154300
65500 23371500
65600 30637600
65700 31394200
65800 23358000
65900 22951600
66000 23207000
66100 23419800
66200 23345200
66300 23419700
66400 23319200
66500 23624200
66600 25247400
66700 24071600
66800 23543500
66900 24665100
67000 23956400
67100 23365500
67200 23953100
67300 24829000
67400 23504700
67500 24405200
67600 28363400
67700 24898900
67800 23853900
67900 26468100
68000 23927600
68100 24720500
68200 23963400
68300 26430700
68400 23949900
68500 24228700
68600 24206500
68700 24507800
68800 26797900
68900 24432500
69000 24226000
69100 24222300
69200 24270600
69300 26900100
69400 38596600
69500 24642300
69600 25061500
69700 24666300
69800 24471700
69900 25287700
70000 37830000
70100 25807400
70200 25040500
70300 24849300
70400 25232500
70500 25379800
70600 25585700
70700 24918400
70800 35013200
70900 25006300
71000 25094000
71100 26708600
71200 25409800
71300 26240400
71400 25780500
71500 36842700
71600 25628800
71700 29402400
71800 25680600
71900 35141600
72000 26566200
72100 25994500
72200 25687600
72300 25865000
72400 26091100
72500 25904700
72600 26058700
72700 25942700
72800 26031300
72900 26724900
73000 25837200
73100 26146800
73200 35856300
73300 26424800
73400 26337400
73500 26528700
73600 25964600
73700 26679500
73800 37514000
73900 26570700
74000 26239600
74100 26901500
74200 28437700
74300 26905400
74400 26515600
74500 26668800
74600 27530200
74700 26797500
74800 26385200
74900 26991400
75000 26826600
75100 27856100
75200 26709300
75300 26891000
75400 27622600
75500 26775500
75600 27247400
75700 27466600
75800 28348900
75900 27901400
76000 26875300
76100 27070700
76200 27296700
76300 38973800
76400 30071700
76500 28541900
76600 30418900
76700 28041200
76800 27723600
76900 29337300
77000 29423300
77100 28126400
77200 27670600
77300 27649900
77400 28246300
77500 48987500
77600 27614900
77700 27804500
77800 48897400
77900 27659100
78000 27936500
78100 27969900
78200 28417600
78300 28175500
78400 28809600
78500 27887700
78600 28631300
78700 28919500
78800 28053900
78900 28518100
79000 31163600
79100 30308600
79200 28034900
79300 28638400
79400 31666400
79500 28511800
79600 28014600
79700 29226900
79800 29073600
79900 30464300
80000 30401300
80100 29757400
80200 29073600
80300 28992700
80400 29568000
80500 40237100
80600 28566000
80700 60708500
80800 30668600
80900 28834500
81000 32012900
81100 29820100
81200 29381100
81300 29319200
81400 33941000
81500 31830700
81600 28840300
81700 29182600
81800 31456900
81900 29278000
82000 29280200
82100 52172000
82200 29420200
82300 31972600
82400 29393900
82500 29015500
82600 31036000
82700 29396400
82800 48301000
82900 29738200
83000 29615400
83100 29783100
83200 30355600
83300 32279100
83400 29741700
83500 29491300
83600 29943400
83700 30978600
83800 30154100
83900 30173000
84000 30142400
84100 30591500
84200 30760000
84300 31911900
84400 43256200
84500 30232400
84600 30495100
84700 30165800
84800 31520600
84900 30698200
85000 30947900
85100 30372800
85200 30642700
85300 34799700
85400 30632900
85500 31092000
85600 30738100
85700 31490400
85800 36431200
85900 30578800
86000 30398800
86100 42454500
86200 33693200
86300 31111600
86400 32760600
86500 35605700
86600 31102600
86700 32012100
86800 31337600
86900 31818500
87000 31458400
87100 41901100
87200 31247700
87300 32974700
87400 31341000
87500 31423600
87600 31508600
87700 31335000
87800 31257300
87900 31285000
88000 31720300
88100 32363900
88200 31649400
88300 31452300
88400 31543700
88500 31605900
88600 31496000
88700 51027200
88800 31402500
88900 31902600
89000 32574200
89100 32047800
89200 31871500
89300 32067800
89400 32331100
89500 34947100
89600 32363600
89700 42774000
89800 32188600
89900 32349500
90000 37241300
90100 31863100
90200 41896400
90300 31656700
90400 31875200
90500 33998400
90600 43184800
90700 33388100
90800 34781000
90900 46232400
91000 43689700
91100 38707700
91200 32820500
91300 33798800
91400 32851000
91500 32422100
91600 34692200
91700 36909600
91800 33057800
91900 32603800
92000 39361800
92100 33590700
92200 34007200
92300 34584300
92400 32989300
92500 33251100
92600 37827500
92700 34049000
92800 33141700
92900 32815700
93000 33390200
93100 33122800
93200 36990800
93300 33015100
93400 34014700
93500 35922300
93600 34151100
93700 33349400
93800 37676000
93900 36925300
94000 35348800
94100 33906800
94200 34077200
94300 33709400
94400 33378000
94500 34517400
94600 34487000
94700 33481800
94800 34513100
94900 35930500
95000 40741600
95100 33805300
95200 33815900
95300 34943100
95400 34388700
95500 34071400
95600 34592600
95700 35091400
95800 34288200
95900 34247900
96000 37067200
96100 34420300
96200 34552500
96300 34338200
96400 36432000
96500 35957300
96600 34842900
96700 34756300
96800 36669800
96900 34458100
97000 35421000
97100 34481400
97200 34563200
97300 38631800
97400 34844400
97500 35171300
97600 37498700
97700 57071900
97800 36470400
97900 34668600
98000 35219800
98100 37018400
98200 35223200
98300 35110200
98400 60603900
98500 36073600
98600 35681100
98700 39993600
98800 35573400
98900 35537600
99000 36236600
99100 36657200
99200 35583400
99300 38511400
99400 36343900
99500 38561700
99600 35667500
99700 35555300
99800 39791200
99900 37639800
100000 55359000
