500 208600
600 254100
700 228100
800 189100
900 216100
1000 331700
1100 440500
1200 393400
1300 308900
1400 322700
1500 714500
1600 604800
1700 447200
1800 424000
1900 433600
2000 472800
2100 492000
2200 867800
2300 552800
2400 600500
2500 572000
2600 587100
2700 638400
2800 650000
2900 691200
3000 708600
3100 710500
3200 749100
3300 770400
3400 830000
3500 1821400
3600 829200
3700 876700
3800 1156100
3900 896100
4000 1005600
4100 953500
4200 968000
4300 1002800
4400 1028900
4500 2202000
4600 1204600
4700 1099600
4800 1142800
4900 1192300
5000 1207800
5100 1187700
5200 1819600
5300 2713700
5400 1881900
5500 2466700
5600 2973600
5700 2996300
5800 1818100
5900 1368500
6000 3003600
6100 1426100
6200 4092100
6300 2949400
6400 1602600
6500 1531500
6600 2270100
6700 3119500
6800 1626000
6900 1669000
7000 2336500
7100 1695600
7200 1694500
7300 1741100
7400 1742400
7500 1771400
7600 1827800
7700 1813400
7800 1897400
7900 1862800
8000 2151200
8100 1898900
8200 1935000
8300 1925300
8400 1972200
8500 2442400
8600 2278300
8700 2037200
8800 2102000
8900 2102000
9000 2134800
9100 2167600
9200 3183700
9300 2214200
9400 2237200
9500 4663400
9600 2328600
9700 2746600
9800 5694700
9900 6641700
10000 6551700
10100 10000900
10200 6826400
10300 6823200
10400 6751200
10500 6701900
10600 7112100
10700 8410900
10800 13400100
10900 9594400
11000 6785000
11100 7553900
11200 7557900
11300 7590600
11400 7371700
11500 9084600
11600 5432100
11700 6159700
11800 8080300
11900 8431000
12000 7167000
12100 8185800
12200 12109900
12300 9756700
12400 6243500
12500 7602600
12600 7980200
12700 12865500
12800 6831800
12900 7947300
13000 8902400
13100 6604500
13200 8687900
13300 10083800
13400 9187300
13500 9344900
13600 9101500
13700 9434000
13800 4780000
13900 9902500
14000 9455900
14100 13527200
14200 10096200
14300 9855500
14400 14761500
14500 15349300
14600 10816000
14700 10323800
14800 8957800
14900 10975100
15000 8869000
15100 10279300
15200 10612600
15300 10200700
15400 11308500
15500 10544500
15600 10860700
15700 10187600
15800 10853300
15900 11171100
16000 11195100
16100 17194300
16200 10999600
16300 11143100
16400 10459800
16500 20870800
16600 10970700
16700 10936200
16800 11293700
16900 11478100
17000 12055200
17100 12220500
17200 11690900
17300 11872100
17400 12057600
17500 22856600
17600 11538700
17700 12045400
17800 11624800
17900 12266100
18000 12392400
18100 12443400
18200 13302500
18300 10986900
18400 12327800
18500 14694100
18600 13022700
18700 12555000
18800 13347000
18900 30931000
19000 13052000
19100 13557900
19200 12042100
19300 13541700
19400 14437100
19500 15928400
19600 13636800
19700 13917500
19800 12896700
19900 13705400
20000 14043000
20100 19578000
20200 14048600
20300 14053200
20400 13180300
20500 14436100
20600 17489000
20700 21824700
20800 14444400
20900 20065300
21000 14849600
21100 14851700
21200 20292300
21300 25336600
21400 21308700
21500 21002200
21600 24977700
21700 30522600
21800 17376800
21900 15157600
22000 14466300
22100 15702200
22200 15300100
22300 11697700
22400 14613300
22500 14975200
22600 15865900
22700 15274600
22800 24976600
22900 29135600
23000 15745000
23100 15628700
23200 15963500
23300 9559400
23400 17950600
23500 16217700
23600 15579300
23700 11974900
23800 17136400
23900 15489100
24000 17014200
24100 17318600
24200 16899800
24300 16592100
24400 15153800
24500 15757000
24600 17209600
24700 28125200
24800 16802300
24900 16827000
25000 16075600
25100 18209300
25200 9985800
25300 18001800
25400 17313200
25500 17506400
25600 30274100
25700 17481600
25800 18591800
25900 18277700
26000 22052000
26100 14734200
26200 18314000
26300 21243300
26400 17445500
26500 27335600
26600 18496200
26700 16847700
26800 17423100
26900 16252900
27000 14998000
27100 25181400
27200 20131800
27300 19299300
27400 32168200
27500 19625300
27600 19075500
27700 19544000
27800 20242100
27900 16539900
28000 19208500
28100 25824400
28200 20335300
28300 18413600
28400 18809800
28500 19865100
28600 18924400
28700 19799900
28800 35373600
28900 24607200
29000 19900900
29100 25829300
29200 30466100
29300 19855900
29400 34496000
29500 19998000
29600 34663600
29700 19183000
29800 37744100
29900 35773100
30000 39676200
30100 31963300
30200 38382400
30300 10631200
30400 9009100
30500 13574600
30600 7446100
30700 9368400
30800 7625300
30900 7508700
31000 14107500
31100 7657000
31200 7561800
31300 7900600
31400 7908200
31500 7928600
31600 8145200
31700 7754000
31800 8086700
31900 8173600
32000 8131400
32100 8738200
32200 8881500
32300 8405900
32400 7798800
32500 8041300
32600 8102100
32700 7892100
32800 8008000
32900 7935700
33000 7966700
33100 8041800
33200 8311500
33300 8073900
33400 13906200
33500 8573400
33600 8628700
33700 8500000
33800 9809000
33900 8361800
34000 8251300
34100 8866600
34200 8446100
34300 13461500
34400 8501300
34500 16299200
34600 13494900
34700 8770100
34800 8521100
34900 8885200
35000 8640600
35100 8980100
35200 9732700
35300 8780900
35400 8966700
35500 10416100
35600 8772600
35700 9268600
35800 12228200
35900 9148800
36000 9299700
36100 8833400
36200 10483500
36300 10747800
36400 9165200
36500 9146500
36600 9201600
36700 9604000
36800 9498100
36900 14351800
37000 9567700
37100 9177100
37200 9137900
37300 9915300
37400 9900600
37500 9687600
37600 9362800
37700 20436800
37800 9341100
37900 12863500
38000 9505700
38100 9494500
38200 9519000
38300 10846200
38400 9672100
38500 9874000
38600 9548000
38700 10699900
38800 9713400
38900 10159400
39000 9895200
39100 9633300
39200 9712600
39300 9729400
39400 9827700
39500 10086300
39600 9991100
39700 10156200
39800 11275100
39900 9845300
40000 10357000
40100 11774200
40200 10278700
40300 10313800
40400 10538400
40500 9972300
40600 10056700
40700 10845900
40800 10201700
40900 10105800
41000 10345000
41100 10195800
41200 12827900
41300 10334500
41400 10669700
41500 12042700
41600 16593100
41700 10633400
41800 10704900
41900 10669200
42000 10453700
42100 10511300
42200 13101100
42300 10585300
42400 11701000
42500 10477500
42600 10807100
42700 11297400
42800 10919100
42900 12484300
43000 10795900
43100 10703700
43200 12366100
43300 11230800
43400 10857800
43500 11196300
43600 28901100
43700 12662900
43800 12521500
43900 12964200
44000 11237800
44100 10923400
44200 11157100
44300 10909700
44400 12293700
44500 11384000
44600 16164000
44700 11358300
44800 11115700
44900 11283000
45000 11203200
45100 11547600
45200 11457700
45300 11693100
45400 11499200
45500 11618100
45600 12124800
45700 11535200
45800 11565500
45900 12687700
46000 15729100
46100 12446800
46200 11964200
46300 11844900
46400 11535500
46500 11655300
46600 11841900
46700 12094600
46800 12006800
46900 11728000
47000 13138800
47100 11973500
47200 11866000
47300 12055100
47400 12095400
47500 12172100
47600 12189000
47700 13524700
47800 12069100
47900 12663900
48000 12024500
48100 13583000
48200 15722900
48300 12728000
48400 12299400
48500 12054900
48600 12209100
48700 14020200
48800 12241100
48900 12094100
49000 12923600
49100 12702700
49200 13555600
49300 12811700
49400 12591000
49500 12525600
49600 12309000
49700 12613800
49800 25074900
49900 12706800
50000 13118000
50100 12689100
50200 12627200
50300 12916300
50400 13122900
50500 16245400
50600 12607000
50700 13583700
50800 12752600
50900 14433400
51000 12896900
51100 15658900
51200 13024200
51300 13240100
51400 13074400
51500 13307500
51600 13165300
51700 29533900
51800 13007000
51900 15902000
52000 13260700
52100 13397200
52200 14024600
52300 13222500
52400 13705000
52500 13559100
52600 13212100
52700 13198400
52800 13495300
52900 13675000
53000 13662400
53100 13580000
53200 13607000
53300 13618800
53400 13798500
53500 13993900
53600 13586500
53700 14030400
53800 22172600
53900 13996400
54000 15456500
54100 14192600
54200 14086200
54300 15567000
54400 14365400
54500 14194300
54600 14094400
54700 14086000
54800 14462500
54900 14307000
55000 14026800
55100 13893300
55200 14831900
55300 17888900
55400 14339400
55500 14396400
55600 14190700
55700 14362400
55800 14496600
55900 14592500
56000 14166200
56100 14541500
56200 14336300
56300 14615400
56400 14422200
56500 15734700
56600 14454900
56700 15082600
56800 14448300
56900 14286900
57000 14771500
57100 15077000
57200 16058200
57300 14657700
57400 14715100
57500 14631700
57600 14844700
57700 15910100
57800 14773400
57900 15626900
58000 14788500
58100 15031000
58200 16013200
58300 15028700
58400 15134800
58500 14886000
58600 14991900
58700 22095000
58800 15283700
58900 15061100
59000 14925100
59100 15527800
59200 15543000
59300 15343300
59400 15769400
59500 15063200
59600 15462800
59700 20565900
59800 15542400
59900 15721200
60000 16146900
60100 28022000
60200 21357900
60300 15537800
60400 15487900
60500 15657100
60600 15542400
60700 19500000
60800 18247700
60900 16566300
61000 15858600
61100 16615300
61200 19178300
61300 15399300
61400 15640500
61500 16224600
61600 30078500
61700 15768600
61800 15732400
61900 15641400
62000 16706400
62100 21331900
62200 15629200
62300 16251500
62400 15702100
62500 16981400
62600 17467600
62700 16076200
62800 16354400
62900 19598000
63000 35476500
63100 17564400
63200 16304700
63300 16244800
63400 33841700
63500 16115900
63600 17809500
63700 16860500
63800 16211200
63900 23141900
64000 16171600
64100 16612800
64200 19334400
64300 16468600
64400 16004200
64500 29728300
64600 16706400
64700 16331400
64800 21826800
64900 16500200
65000 16655000
65100 16849000
65200 16774000
65300 16382600
65400 24586600
65500 16689000
65600 19144000
65700 16229200
65800 16689600
65900 16796000
66000 16607600
66100 16852100
66200 16674100
66300 25420600
66400 16819600
66500 17247400
66600 16779900
66700 17137000
66800 17005000
66900 17133200
67000 19738200
67100 16968400
67200 22177400
67300 22160700
67400 16922100
67500 20134700
67600 21868700
67700 18294100
67800 17153900
67900 17421600
68000 17508700
68100 17673800
68200 17383600
68300 17279900
68400 17364100
68500 25614200
68600 17405800
68700 17525500
68800 21594300
68900 17262600
69000 17357600
69100 18263000
69200 18675900
69300 17808400
69400 18689700
69500 18258000
69600 18987200
69700 23163400
69800 20229900
69900 18026700
70000 19177000
70100 21587900
70200 18265500
70300 19501900
70400 18216000
70500 18817400
70600 18042600
70700 18152300
70800 26026500
70900 20012700
71000 18957900
71100 19468100
71200 18738000
71300 19526500
71400 18391600
71500 18896200
71600 18607500
71700 18643800
71800 18622200
71900 24591800
72000 20167600
72100 18637000
72200 19039500
72300 20785200
72400 18604100
72500 18674400
72600 18598100
72700 20209000
72800 18841600
72900 26180700
73000 19322900
73100 18888200
73200 18772100
73300 19028800
73400 21573200
73500 19051100
73600 21471700
73700 19389600
73800 20847600
73900 21573000
74000 19206200
74100 18999000
74200 19178400
74300 19083800
74400 19087800
74500 20090300
74600 19336200
74700 19822300
74800 19304400
74900 20029600
75000 19925900
75100 19731500
75200 19195400
75300 21932400
75400 19303200
75500 19536100
75600 19151300
75700 19518400
75800 28529800
75900 19710000
76000 19585700
76100 19616800
76200 19461800
76300 26137500
76400 20922700
76500 19930800
76600 19572700
76700 19726200
76800 20044900
76900 19806200
77000 20149700
77100 32633200
77200 20123800
77300 20024500
77400 29842000
77500 19933800
77600 19811200
77700 20251300
77800 20077200
77900 20585300
78000 20278600
78100 20410600
78200 24612100
78300 20209300
78400 20715700
78500 20232200
78600 20595200
78700 20100400
78800 20783400
78900 20143800
79000 25063600
79100 21550800
79200 20784800
79300 20413600
79400 20369100
79500 20314800
79600 20568200
79700 20715000
79800 20694700
79900 20661300
80000 20822400
80100 25093200
80200 20827900
80300 24583100
80400 21018900
80500 21259600
80600 20967600
80700 20566500
80800 21104800
80900 23396500
81000 20813800
81100 20791100
81200 20677900
81300 21180800
81400 26746000
81500 20999600
81600 21140400
81700 21065000
81800 24080000
81900 20957400
82000 22187800
82100 20901400
82200 21338100
82300 27155800
82400 21462400
82500 23419300
82600 21324900
82700 21312900
82800 21636000
82900 21110300
83000 28814600
83100 22087600
83200 21183800
83300 21473400
83400 21862200
83500 21335500
83600 21724800
83700 31627400
83800 24250700
83900 21882600
84000 22243800
84100 23110600
84200 27707700
84300 21594800
84400 23578600
84500 21606500
84600 21744100
84700 22194700
84800 44536300
84900 22286900
85000 22360800
85100 21936300
85200 23606900
85300 22135700
85400 23316300
85500 24455200
85600 22283100
85700 22020800
85800 23486900
85900 22411000
86000 22206100
86100 22330600
86200 22246000
86300 22510000
86400 25998500
86500 23555700
86600 22549600
86700 22847700
86800 22679600
86900 22486600
87000 22449900
87100 22100700
87200 22832800
87300 22723400
87400 24390000
87500 22774600
87600 22955600
87700 23047100
87800 23381500
87900 25200400
88000 23088100
88100 30545800
88200 26297100
88300 22954200
88400 31793200
88500 25155600
88600 22938900
88700 22624900
88800 25370300
88900 23531500
89000 23380200
89100 26783300
89200 24360600
89300 23530000
89400 24265600
89500 23758800
89600 23910300
89700 23229300
89800 23412400
89900 23540800
90000 36689700
90100 31742800
90200 24686400
90300 23026000
90400 23249600
90500 28790100
90600 33464200
90700 23911100
90800 24721800
90900 39090400
91000 31195400
91100 23576600
91200 23345700
91300 24178400
91400 32923800
91500 24302200
91600 27202000
91700 29473300
91800 25343100
91900 24076800
92000 37686100
92100 23762700
92200 26018200
92300 34469100
92400 32048400
92500 30242100
92600 24049300
92700 24084700
92800 29034700
92900 24207200
93000 24556500
93100 24286700
93200 23889200
93300 24489200
93400 24142200
93500 24399400
93600 25140500
93700 25309500
93800 24374100
93900 29639900
94000 24138200
94100 24487000
94200 27947300
94300 25025500
94400 24302400
94500 27958400
94600 25741500
94700 26471300
94800 24131400
94900 24539600
95000 24699100
95100 25107800
95200 24892600
95300 29043500
95400 28143900
95500 24613500
95600 36468400
95700 26416700
95800 24455300
95900 24804100
96000 24933200
96100 25166200
96200 24681800
96300 24986200
96400 34320200
96500 24374200
96600 24997900
96700 31971000
96800 25078500
96900 25025600
97000 26853100
97100 25020500
97200 35574300
97300 25001800
97400 25393700
97500 25059600
97600 45384500
97700 26777600
97800 25623000
97900 25807600
98000 25177700
98100 44352500
98200 30903300
98300 25189700
98400 25200400
98500 29774100
98600 26061300
98700 24980600
98800 25322700
98900 26554800
99000 25383500
99100 26164000
99200 26154100
99300 28093700
99400 25720200
99500 40540300
99600 25798000
99700 26278300
99800 33354200
99900 26051500
100000 26669800
