500 125200
600 133100
700 116600
800 140600
900 110200
1000 347800
1100 238600
1200 177500
1300 391000
1400 432300
1500 520900
1600 910600
1700 215000
1800 333900
1900 251800
2000 257400
2100 304600
2200 335700
2300 344200
2400 407700
2500 395600
2600 404600
2700 446500
2800 464000
2900 502200
3000 563100
3100 584500
3200 598200
3300 403600
3400 433500
3500 436300
3600 473200
3700 489100
3800 506900
3900 538100
4000 555000
4100 570400
4200 586000
4300 623400
4400 641300
4500 2679400
4600 1061300
4700 1627400
4800 1235300
4900 754100
5000 830000
5100 803600
5200 1338500
5300 1551100
5400 902000
5500 908200
5600 1516800
5700 1121800
5800 1614600
5900 1030100
6000 1807300
6100 1515200
6200 1847300
6300 2098400
6400 1651800
6500 813300
6600 870400
6700 831700
6800 850600
6900 1138300
7000 965300
7100 1025700
7200 943400
7300 1095800
7400 1077600
7500 1095600
7600 1255800
7700 1079500
7800 1091700
7900 1336900
8000 1104200
8100 1359700
8200 1460500
8300 1174400
8400 1417400
8500 1243800
8600 1275100
8700 1859200
8800 1335300
8900 1359700
9000 2244500
9100 1959800
9200 1902000
9300 1449600
9400 1518900
9500 2200000
9600 1598200
9700 1527300
9800 3682600
9900 4288200
10000 6615900
10100 7968900
10200 4021400
10300 4548500
10400 4650200
10500 4479000
10600 4876600
10700 5857500
10800 8409400
10900 4515000
11000 5586400
11100 5516000
11200 6052100
11300 5411200
11400 5692900
11500 5498900
11600 5499100
11700 6039900
11800 6016800
11900 6615600
12000 4924000
12100 6404000
12200 6493700
12300 7029900
12400 11021800
12500 6141000
12600 7319600
12700 4704400
12800 4800500
12900 4812400
13000 4686800
13100 4723500
13200 4876000
13300 4210500
13400 4904400
13500 4892800
13600 5244000
13700 5281300
13800 2643600
13900 5145100
14000 5169800
14100 5289300
14200 5620600
14300 5335900
14400 12740400
14500 7956500
14600 10819300
14700 5827300
14800 5244700
14900 5968700
15000 8176900
15100 5902000
15200 6274400
15300 3541600
15400 6182400
15500 5775900
15600 5303400
15700 6319100
15800 5223700
15900 6359000
16000 6794800
16100 3648300
16200 6585800
16300 6591800
16400 6602300
16500 11188700
16600 6967300
16700 7400000
16800 7287000
16900 8042100
17000 5357000
17100 7232500
17200 7276100
17300 7497300
17400 8152800
17500 10449500
17600 7565000
17700 8712000
17800 6500600
17900 7620000
18000 8105800
18100 7761500
18200 7441800
18300 8536000
18400 8703900
18500 7799200
18600 8205600
18700 12256400
18800 8454600
18900 14364400
19000 9518400
19100 8373100
19200 9463500
19300 8809600
19400 8858000
19500 5343500
19600 9309100
19700 9262200
19800 8529700
19900 9341200
20000 9674600
20100 8610200
20200 9864700
20300 10179200
20400 9649100
20500 9664200
20600 19008300
20700 12174400
20800 13364700
20900 16495500
21000 13889500
21100 12328900
21200 17710900
21300 19129000
21400 16238900
21500 18049400
21600 14436600
21700 18649000
21800 10565200
21900 11219400
22000 11305700
22100 11546400
22200 16262200
22300 6023800
22400 11540700
22500 11363300
22600 10995700
22700 12291800
22800 7379700
22900 18894000
23000 11761600
23100 12437800
23200 14268300
23300 10751500
23400 13005500
23500 12725400
23600 12863900
23700 12454200
23800 10772600
23900 16296800
24000 12593200
24100 9007200
24200 16546400
24300 12829600
24400 13033900
24500 12947800
24600 13326900
24700 12577700
24800 13451500
24900 10805800
25000 13034700
25100 13424800
25200 14196500
25300 13597300
25400 7663100
25500 14883000
25600 13168900
25700 12642100
25800 10944200
25900 9177400
26000 8931000
26100 9674800
26200 9825900
26300 6202200
26400 9910700
26500 14297000
26600 9971900
26700 10089200
26800 10819100
26900 10305900
27000 5792500
27100 9793000
27200 10727700
27300 10327900
27400 9850000
27500 8314600
27600 10406400
27700 10555800
27800 11108300
27900 11077900
28000 13374600
28100 11358500
28200 11492200
28300 10947200
28400 10067800
28500 11084400
28600 11335800
28700 6274500
28800 11151900
28900 12396500
29000 11822200
29100 18328600
29200 11819900
29300 9270700
29400 12575000
29500 17325800
29600 7379900
29700 10880500
29800 42620500
29900 12018500
30000 21045400
30100 18650600
30200 18775800
30300 4490700
30400 4654800
30500 4548700
30600 5688900
30700 4623900
30800 4551600
30900 4494300
31000 4411100
31100 7728800
31200 6702000
31300 5859800
31400 7268500
31500 5076800
31600 4593000
31700 4597100
31800 5273900
31900 4775600
32000 4722400
32100 4784200
32200 5274400
32300 5415500
32400 7094800
32500 4808700
32600 5443700
32700 4901100
32800 4866400
32900 4984600
33000 4987100
33100 4935700
33200 5077600
33300 5159400
33400 5281100
33500 5746100
33600 5461400
33700 5574200
33800 5204400
33900 5255300
34000 5327400
34100 5427900
34200 5214800
34300 14640300
34400 5459000
34500 5331300
34600 7122200
34700 5661500
34800 5405500
34900 5990400
35000 5547800
35100 5580500
35200 5550000
35300 5713600
35400 5601100
35500 6153700
35600 5932000
35700 5638000
35800 5809100
35900 5882700
36000 6114100
36100 6082300
36200 6409400
36300 7602900
36400 5766600
36500 6312800
36600 5866900
36700 5961200
36800 5960200
36900 5907600
37000 5887600
37100 6075600
37200 6001600
37300 6275000
37400 6020700
37500 6941300
37600 6535700
37700 6089400
37800 6307400
37900 6184700
38000 6192600
38100 6588400
38200 6484200
38300 6491800
38400 6330000
38500 9991000
38600 6588000
38700 8279000
38800 6370600
38900 6691900
39000 7049200
39100 7238600
39200 6572100
39300 8979600
39400 7606900
39500 6566600
39600 6823000
39700 6686600
39800 6676900
39900 7587300
40000 6917500
40100 10013900
40200 7214500
40300 6985100
40400 6833000
40500 6837300
40600 7641400
40700 7426700
40800 7017100
40900 7723300
41000 7980800
41100 7080100
41200 9798400
41300 7489900
41400 7392300
41500 8180500
41600 7194500
41700 7658500
41800 7663400
41900 7605900
42000 7486900
42100 7803000
42200 7428000
42300 11294800
42400 7817700
42500 9743000
42600 7720600
42700 7911200
42800 7940700
42900 7997500
43000 11296300
43100 7694900
43200 7934300
43300 8031100
43400 8338100
43500 8026700
43600 7890700
43700 7926300
43800 7835000
43900 8229700
44000 7964100
44100 8366400
44200 7929500
44300 8162800
44400 9392100
44500 14879600
44600 8330600
44700 8415100
44800 8193000
44900 8310800
45000 8251800
45100 8335500
45200 15169400
45300 8369600
45400 8469500
45500 8523900
45600 12016000
45700 8922700
45800 12454200
45900 8910600
46000 8561600
46100 9135600
46200 12889400
46300 9329900
46400 14848300
46500 15373000
46600 8780300
46700 9003400
46800 9155300
46900 8974900
47000 8917000
47100 9283200
47200 9153500
47300 11736000
47400 9365300
47500 10733600
47600 9072300
47700 9519900
47800 9110100
47900 9187500
48000 9603300
48100 9256700
48200 9531600
48300 9255800
48400 9400700
48500 9484800
48600 9707600
48700 9421400
48800 9409300
48900 11211500
49000 10530200
49100 10624200
49200 10100800
49300 10821100
49400 10174000
49500 13338300
49600 10170000
49700 10862000
49800 9717900
49900 10411100
50000 10186600
50100 9807100
50200 9967500
50300 12239200
50400 10462400
50500 10398200
50600 12223000
50700 10152100
50800 11020500
50900 10591200
51000 10647700
51100 10863500
51200 11989400
51300 10096800
51400 9480300
51500 8348400
51600 8484400
51700 7705000
51800 7536300
51900 7011000
52000 7457400
52100 7048400
52200 7287900
52300 7181000
52400 7097000
52500 7434300
52600 7692500
52700 7613900
52800 7805800
52900 7272500
53000 7280000
53100 7845000
53200 11668700
53300 7279200
53400 7813900
53500 7563400
53600 7715100
53700 7491600
53800 7710400
53900 13776300
54000 7813400
54100 7621900
54200 7699900
54300 7450400
54400 7472900
54500 7879900
54600 7894000
54700 7715300
54800 8541300
54900 11555600
55000 7970400
55100 9270200
55200 8354500
55300 12062300
55400 8702200
55500 7915800
55600 10034700
55700 7845100
55800 8075900
55900 8096300
56000 12463500
56100 7878900
56200 8940100
56300 8154600
56400 8739900
56500 8264000
56600 7986500
56700 8335200
56800 8000500
56900 9732800
57000 8730700
57100 8902700
57200 9023200
57300 8136200
57400 8238700
57500 8808400
57600 8296800
57700 8690900
57800 8899800
57900 9348100
58000 8614400
58100 8357000
58200 9119200
58300 9429300
58400 8893700
58500 8825100
58600 8863200
58700 8982100
58800 9396500
58900 8592400
59000 8939700
59100 8723600
59200 12437700
59300 9062300
59400 8975300
59500 9179100
59600 8850200
59700 8648900
59800 8824200
59900 8950000
60000 14840600
60100 8798000
60200 8924000
60300 8903100
60400 11024600
60500 9087200
60600 10260300
60700 9568400
60800 9572100
60900 9609700
61000 10794200
61100 9083900
61200 9164200
61300 9794400
61400 9877400
61500 9156400
61600 10127800
61700 9331200
61800 13104600
61900 9552500
62000 10839800
62100 14076300
62200 9890800
62300 9649400
62400 9328700
62500 9587700
62600 9521800
62700 9358500
62800 11631500
62900 11098400
63000 10848900
63100 9514700
63200 9924500
63300 10802200
63400 14158400
63500 10288300
63600 9596000
63700 10302100
63800 9686800
63900 10656500
64000 14963200
64100 10962200
64200 17588600
64300 10117100
64400 10030400
64500 9981200
64600 12031900
64700 10761900
64800 14469400
64900 10543000
65000 9907100
65100 13850700
65200 10179100
65300 10403900
65400 10073500
65500 10321200
65600 10179000
65700 10168200
65800 11252700
65900 11525200
66000 11666400
66100 10187600
66200 10887100
66300 10777100
66400 10668500
66500 10554900
66600 10525300
66700 10599900
66800 10697900
66900 10334700
67000 12277200
67100 12144600
67200 10457100
67300 10791900
67400 21241100
67500 10733700
67600 10816600
67700 11977000
67800 10674100
67900 10649800
68000 12139900
68100 10796600
68200 10740300
68300 13344400
68400 11022600
68500 11011400
68600 10867500
68700 12639200
68800 11219800
68900 11682200
69000 11511500
69100 15711300
69200 12465000
69300 11149200
69400 11406200
69500 11412300
69600 11716700
69700 11404700
69800 11537400
69900 11657000
70000 11680900
70100 11495600
70200 16158400
70300 12377300
70400 11865000
70500 12545900
70600 11651600
70700 13695600
70800 11808700
70900 11768700
71000 11754200
71100 12219200
71200 11750800
71300 12377500
71400 12330600
71500 11709400
71600 11984800
71700 11935300
71800 11806000
71900 11698600
72000 12446600
72100 12008000
72200 11607600
72300 11943000
72400 13212300
72500 11989500
72600 11822500
72700 12255300
72800 12149200
72900 12467300
73000 14963400
73100 18665500
73200 12522500
73300 13289700
73400 12498500
73500 12078800
73600 12922200
73700 12455400
73800 12493200
73900 14440700
74000 12576000
74100 12636800
74200 12624600
74300 13766900
74400 12607900
74500 14380200
74600 12306700
74700 13087100
74800 12754400
74900 12926100
75000 13032200
75100 13251700
75200 13278200
75300 12721400
75400 13268000
75500 16895800
75600 13038100
75700 13264400
75800 12934100
75900 13679600
76000 14068500
76100 12991700
76200 14379700
76300 21257300
76400 13173900
76500 13205400
76600 13667000
76700 13848400
76800 13112700
76900 13385900
77000 13385400
77100 13296700
77200 13193300
77300 13598700
77400 13934700
77500 13265700
77600 13480800
77700 13182000
77800 13429300
77900 13947200
78000 13700300
78100 13604300
78200 14126900
78300 13900300
78400 14067700
78500 18662000
78600 16083000
78700 15123200
78800 14192400
78900 13846700
79000 13975200
79100 13852600
79200 13840600
79300 15706800
79400 16102200
79500 14652200
79600 13970200
79700 14510200
79800 14262000
79900 14157200
80000 15728900
80100 14663000
80200 14689700
80300 14225400
80400 14537600
80500 14979800
80600 14049500
80700 15563000
80800 14505500
80900 14279400
81000 14438600
81100 15399200
81200 18025600
81300 15948100
81400 15253500
81500 14312000
81600 14583100
81700 14411700
81800 15036700
81900 15166600
82000 14590700
82100 14893600
82200 15003700
82300 16999800
82400 15068100
82500 14950300
82600 15008100
82700 14930500
82800 17374400
82900 14959500
83000 14922300
83100 15230700
83200 14928200
83300 17045800
83400 15624300
83500 15163700
83600 15148100
83700 15311200
83800 15699800
83900 15609600
84000 15875000
84100 31573500
84200 15701000
84300 16696900
84400 16450300
84500 16144400
84600 15229700
84700 15119200
84800 15473600
84900 15501800
85000 15850100
85100 15368100
85200 15499900
85300 15461900
85400 15725800
85500 16806800
85600 15848900
85700 16505300
85800 15848100
85900 16017400
86000 18782300
86100 15896000
86200 16393800
86300 16448400
86400 16878800
86500 16158700
86600 16121600
86700 16550500
86800 16079700
86900 16722400
87000 16417400
87100 17368600
87200 16336600
87300 16917200
87400 22112800
87500 19766300
87600 16315500
87700 16726100
87800 17790000
87900 18495300
88000 16961600
88100 17280900
88200 17528400
88300 16855700
88400 17015100
88500 17784000
88600 16866300
88700 18176800
88800 17008300
88900 16824800
89000 16890800
89100 17550100
89200 17077700
89300 17472800
89400 17094600
89500 17158200
89600 17696400
89700 17541800
89800 17755500
89900 25340400
90000 18422200
90100 18602400
90200 17071700
90300 17451800
90400 17599700
90500 27742200
90600 22290500
90700 17892000
90800 17161100
90900 26796200
91000 17325300
91100 18167500
91200 28562900
91300 17541500
91400 18013400
91500 20741200
91600 19917900
91700 22301500
91800 19014000
91900 20713400
92000 18341000
92100 19722500
92200 24810600
92300 18029500
92400 21054900
92500 17791500
92600 17833300
92700 34983700
92800 18716200
92900 19538600
93000 23450600
93100 18257100
93200 19831400
93300 18896600
93400 18282500
93500 19372400
93600 18200300
93700 18712200
93800 18335700
93900 23309000
94000 18241500
94100 18704900
94200 19123500
94300 18528400
94400 20624700
94500 18636700
94600 18943300
94700 20062800
94800 18692200
94900 18631300
95000 32736200
95100 18999700
95200 19304300
95300 21547600
95400 19128500
95500 21108400
95600 19388300
95700 19776700
95800 26216300
95900 19141800
96000 19291000
96100 19305800
96200 19475700
96300 19684700
96400 20132800
96500 19425000
96600 19525600
96700 34295400
96800 19609800
96900 21545100
97000 21510900
97100 19819600
97200 19762000
97300 20056700
97400 20053700
97500 21997800
97600 19561300
97700 19619700
97800 21461200
97900 20007100
98000 19904200
98100 20258400
98200 20180900
98300 20516800
98400 20798100
98500 21185600
98600 21026900
98700 30551400
98800 22387300
98900 30376300
99000 22005800
99100 20396200
99200 32338600
99300 20336100
99400 21109600
99500 21502000
99600 20351900
99700 20728600
99800 20488900
99900 21931700
100000 20340700
