500 76600
600 73800
700 74400
800 99200
900 107800
1000 187000
1100 164700
1200 141600
1300 165100
1400 246800
1500 277600
1600 214100
1700 217700
1800 240200
1900 245000
2000 291000
2100 271900
2200 290900
2300 286300
2400 294900
2500 335100
2600 443000
2700 343900
2800 357200
2900 418100
3000 383000
3100 401400
3200 400000
3300 1176800
3400 474100
3500 478900
3600 476400
3700 501100
3800 525800
3900 822700
4000 546300
4100 543400
4200 579300
4300 762400
4400 584800
4500 910000
4600 688300
4700 647500
4800 922300
4900 952300
5000 694000
5100 984400
5200 958800
5300 1120600
5400 750100
5500 754200
5600 1012700
5700 796900
5800 915400
5900 1068700
6000 1145300
6100 2101700
6200 1509300
6300 1560700
6400 930200
6500 953100
6600 976400
6700 991300
6800 979100
6900 1055700
7000 1173200
7100 1406700
7200 1069100
7300 1053700
7400 1106300
7500 1104700
7600 1100400
7700 1119900
7800 1131000
7900 1180100
8000 1167900
8100 1735800
8200 1190200
8300 1633500
8400 1251800
8500 1234300
8600 1438500
8700 1331300
8800 1315600
8900 1403800
9000 1357800
9100 1810300
9200 2249700
9300 1410700
9400 1413900
9500 1449800
9600 1559100
9700 1651200
9800 2705100
9900 4261100
10000 5260400
10100 5964500
10200 3058200
10300 4319400
10400 3023000
10500 4490200
10600 3947200
10700 5294500
10800 4742500
10900 2268000
11000 4535600
11100 4783600
11200 3500900
11300 4946100
11400 4180800
11500 4957300
11600 5369800
11700 5072700
11800 3966000
11900 5044000
12000 14384500
12100 5060400
12200 5762700
12300 5347200
12400 2675400
12500 5466200
12600 5334300
12700 58334100
12800 4166700
12900 4557400
13000 19926400
13100 5937100
13200 5815700
13300 5903700
13400 5903500
13500 5946800
13600 5570500
13700 6275300
13800 4153000
13900 6244700
14000 6061300
14100 4834400
14200 5950700
14300 8198500
14400 9695500
14500 6574400
14600 6527100
14700 4358700
14800 6600500
14900 6695800
15000 22524900
15100 7211200
15200 6407400
15300 4056700
15400 7191000
15500 7589900
15600 7121300
15700 6645200
15800 6838800
15900 5851100
16000 7080700
16100 8103600
16200 7235900
16300 7165800
16400 6752500
16500 9795800
16600 7691000
16700 7689300
16800 7263900
16900 7475700
17000 7563300
17100 7045300
17200 8764100
17300 8197900
17400 7698900
17500 19183100
17600 7753500
17700 7371600
17800 6886500
17900 5800300
18000 7946200
18100 8019200
18200 4129000
18300 8453200
18400 8420300
18500 7631600
18600 7859900
18700 8525300
18800 7760000
18900 10427300
19000 8523200
19100 8842000
19200 6335200
19300 8811800
19400 8736700
19500 5187900
19600 8999800
19700 9329000
19800 8999100
19900 8888100
20000 8969800
20100 4967400
20200 8935300
20300 9467600
20400 9246400
20500 11824100
20600 12683800
20700 13582200
20800 10745800
20900 9319000
21000 13872100
21100 12964800
21200 11962600
21300 13360400
21400 11295700
21500 14154400
21600 18105300
21700 12641700
21800 10039900
21900 10042900
22000 10043300
22100 8666000
22200 10295700
22300 5406900
22400 10161300
22500 9800900
22600 10182400
22700 9563900
22800 5683900
22900 10911500
23000 10701500
23100 10243000
23200 10772000
23300 10568900
23400 11049000
23500 10900500
23600 8397600
23700 16982700
23800 11026700
23900 6489500
24000 10221000
24100 10793300
24200 10744600
24300 11136800
24400 10644400
24500 10498500
24600 11130600
24700 11026300
24800 11562300
24900 11540100
25000 11289800
25100 11108400
25200 14143200
25300 11893200
25400 11915300
25500 11348600
25600 12631800
25700 12167800
25800 10200300
25900 12104900
26000 11061600
26100 11711300
26200 11118500
26300 12687700
26400 12659300
26500 14429600
26600 8070900
26700 12604200
26800 13181700
26900 13065700
27000 13637100
27100 13262100
27200 12765000
27300 12677900
27400 13395900
27500 13037100
27600 13175400
27700 7992800
27800 8381400
27900 12642200
28000 14785600
28100 13288500
28200 12918600
28300 12677200
28400 13654900
28500 14146500
28600 13537800
28700 10136600
28800 12385300
28900 13269500
29000 13971400
29100 13731400
29200 13010000
29300 14234100
29400 16420900
29500 15344500
29600 19885400
29700 13307200
29800 20895600
29900 15237200
30000 8346100
30100 19555600
30200 19685700
30300 5881400
30400 8093500
30500 5417500
30600 5262700
30700 5356000
30800 5532200
30900 5272000
31000 5253300
31100 7155300
31200 5448700
31300 5572000
31400 5415700
31500 5519900
31600 5732100
31700 5536300
31800 5577500
31900 5503900
32000 5485300
32100 5546100
32200 5393300
32300 5742900
32400 5731500
32500 5793900
32600 5848000
32700 5584500
32800 6359400
32900 5611800
33000 5899300
33100 5585600
33200 5826200
33300 5932000
33400 5714300
33500 7147600
33600 5892500
33700 5843800
33800 5786100
33900 5945100
34000 5953500
34100 5781100
34200 5788100
34300 6192800
34400 5953800
34500 6468600
34600 5988900
34700 6124900
34800 5892200
34900 6052500
35000 5917600
35100 6231400
35200 6685400
35300 6329100
35400 6098200
35500 6032000
35600 6248000
35700 6113700
35800 6146900
35900 6049500
36000 8759500
36100 6501600
36200 6776700
36300 6585300
36400 6133700
36500 6194400
36600 6463100
36700 6550100
36800 6741800
36900 6361400
37000 6428400
37100 7492700
37200 9438500
37300 6300200
37400 6357100
37500 6332400
37600 6408000
37700 6515300
37800 6422300
37900 6737900
38000 6565100
38100 6445700
38200 6503300
38300 6591100
38400 6595700
38500 9182900
38600 6621000
38700 6743100
38800 7287200
38900 6596000
39000 6894800
39100 6645400
39200 6849200
39300 15540200
39400 6667800
39500 6861100
39600 6868200
39700 6882900
39800 7213000
39900 6796900
40000 8524400
40100 7211300
40200 6886800
40300 6889600
40400 6974100
40500 7038000
40600 7581100
40700 6915000
40800 7943400
40900 6952400
41000 9608800
41100 7291500
41200 7079400
41300 7126700
41400 7182600
41500 7154700
41600 7246900
41700 7298500
41800 7139900
41900 7181300
42000 7559300
42100 7812500
42200 8456200
42300 8006300
42400 7638300
42500 7449000
42600 7269600
42700 7583300
42800 7417900
42900 7316600
43000 7510200
43100 7593900
43200 8308100
43300 9288600
43400 7753800
43500 7507400
43600 7998000
43700 7527500
43800 7480000
43900 7612600
44000 7671000
44100 7535300
44200 7707200
44300 7606600
44400 7596300
44500 9628900
44600 7767500
44700 12892400
44800 10453200
44900 7921200
45000 7758000
45100 7864000
45200 7932600
45300 7933400
45400 8224500
45500 7741500
45600 7964500
45700 7842900
45800 8067000
45900 7831700
46000 8234500
46100 9039700
46200 8059000
46300 8190600
46400 7867500
46500 8091400
46600 8412000
46700 8779900
46800 8848400
46900 8139100
47000 7971900
47100 8033000
47200 8260500
47300 10938700
47400 8377900
47500 8058500
47600 8296900
47700 8167800
47800 8279300
47900 8531200
48000 8226100
48100 8191500
48200 8352200
48300 8322100
48400 13257300
48500 8383300
48600 8837700
48700 8697100
48800 8531400
48900 8483000
49000 9006800
49100 9494200
49200 12375200
49300 8638700
49400 8704100
49500 8555600
49600 8668200
49700 8689000
49800 9867600
49900 10369000
50000 11120700
50100 11072200
50200 8711200
50300 13363700
50400 8767300
50500 9012100
50600 9024700
50700 8951200
50800 9502400
50900 8880300
51000 11034500
51100 9078100
51200 9309600
51300 8859000
51400 9330600
51500 8935500
51600 10533500
51700 9071000
51800 9747200
51900 9181000
52000 12908500
52100 9679800
52200 9278600
52300 9311000
52400 9394100
52500 9419000
52600 14280200
52700 10118500
52800 15830500
52900 9404700
53000 9449100
53100 9774400
53200 9952400
53300 9545700
53400 9858700
53500 10103900
53600 9652900
53700 9882800
53800 9809900
53900 9642400
54000 9840900
54100 9769800
54200 9792000
54300 9678200
54400 9857100
54500 10265900
54600 9962700
54700 9949200
54800 9770700
54900 10717000
55000 10039000
55100 10100800
55200 10280500
55300 10188400
55400 10146500
55500 10244100
55600 11196200
55700 9967000
55800 9897000
55900 10269700
56000 13360300
56100 17117300
56200 10108900
56300 10055200
56400 10169700
56500 10186600
56600 10503700
56700 11868500
56800 10063200
56900 10396400
57000 10250000
57100 10201600
57200 10666900
57300 10458600
57400 10565500
57500 10546900
57600 10449300
57700 10808300
57800 10563800
57900 10605500
58000 11002300
58100 11294500
58200 13758500
58300 11216100
58400 10613600
58500 10746600
58600 11006900
58700 10704600
58800 10921500
58900 10813100
59000 10897700
59100 11124300
59200 14050300
59300 10658300
59400 10839800
59500 13413600
59600 10827300
59700 10962900
59800 10873200
59900 10847800
60000 11102000
60100 11598700
60200 10720700
60300 11222600
60400 10947700
60500 11700700
60600 10984100
60700 11182300
60800 10939600
60900 11474400
61000 10957400
61100 11482800
61200 12056000
61300 11479500
61400 11860300
61500 11840600
61600 11207500
61700 11257700
61800 11259000
61900 11311900
62000 11383500
62100 15014900
62200 11359000
62300 11552100
62400 11939600
62500 11498200
62600 11159900
62700 11709200
62800 11664000
62900 12183200
63000 11149500
63100 11616500
63200 11527400
63300 11488600
63400 11393100
63500 11464400
63600 11470200
63700 11785100
63800 11747300
63900 11562100
64000 14460200
64100 11962700
64200 11677100
64300 12657700
64400 11858200
64500 12030300
64600 11691400
64700 11506700
64800 14344400
64900 16491100
65000 12422200
65100 11880000
65200 11776500
65300 12364200
65400 13129300
65500 16861600
65600 12149400
65700 12402600
65800 13526500
65900 12179500
66000 12010200
66100 12132000
66200 13085100
66300 11929400
66400 12291000
66500 11907200
66600 12142200
66700 17042900
66800 11969800
66900 12301300
67000 12574000
67100 11864500
67200 13683900
67300 12575800
67400 13416300
67500 15071800
67600 13089000
67700 12478900
67800 12245600
67900 12522500
68000 12575700
68100 12562800
68200 12394700
68300 12435800
68400 12493200
68500 12565900
68600 12535000
68700 12911900
68800 12709500
68900 15794200
69000 12636000
69100 12802700
69200 12360300
69300 12717800
69400 12944000
69500 12349400
69600 13678600
69700 12988300
69800 12859700
69900 16811800
70000 12439800
70100 12803000
70200 12764000
70300 12941000
70400 12689300
70500 12817700
70600 13468000
70700 13001200
70800 12723800
70900 12931500
71000 12760100
71100 12955300
71200 13158100
71300 12584600
71400 15463300
71500 13064400
71600 13109600
71700 12584600
71800 12956000
71900 12657300
72000 13527800
72100 13407300
72200 12862000
72300 13075400
72400 13432800
72500 13005500
72600 14250200
72700 13234500
72800 15185600
72900 13075100
73000 14358300
73100 13298100
73200 13109500
73300 13315200
73400 13376900
73500 13884100
73600 13239900
73700 13378100
73800 13163000
73900 18718200
74000 13358700
74100 14243900
74200 13462800
74300 16318200
74400 13775300
74500 13312200
74600 13783500
74700 20554500
74800 13558600
74900 13474600
75000 13372700
75100 18267500
75200 13463100
75300 14014100
75400 13997400
75500 16033500
75600 13650100
75700 13807700
75800 13718500
75900 17474900
76000 13723700
76100 13969000
76200 14084500
76300 13576000
76400 13904500
76500 14329200
76600 13958200
76700 13867900
76800 13824100
76900 14974100
77000 18346700
77100 14055500
77200 13844000
77300 13704700
77400 14251100
77500 13910800
77600 13867500
77700 13948100
77800 16527200
77900 13986400
78000 14048800
78100 14334000
78200 20071800
78300 14244300
78400 14118600
78500 14134300
78600 16904800
78700 13960200
78800 14134000
78900 14408500
79000 14158300
79100 14494600
79200 20116500
79300 14458400
79400 14912500
79500 14599700
79600 14543600
79700 22699700
79800 14594100
79900 14540100
80000 14570700
80100 14224800
80200 14594600
80300 14636100
80400 15093400
80500 14502400
80600 15244800
80700 14777600
80800 20619000
80900 15002900
81000 15027300
81100 14333000
81200 14493700
81300 14749000
81400 17149600
81500 14840000
81600 14947400
81700 15101500
81800 14689900
81900 14840800
82000 15147500
82100 14628500
82200 15271100
82300 14825000
82400 15059200
82500 15028600
82600 15100700
82700 27559300
82800 14837600
82900 14776400
83000 15546000
83100 14955700
83200 15079500
83300 15116500
83400 15204900
83500 19833500
83600 16150800
83700 18040100
83800 15363600
83900 15125800
84000 22696000
84100 15174400
84200 15414500
84300 15158700
84400 15766700
84500 15279400
84600 15134500
84700 19060300
84800 15212200
84900 15550000
85000 15390300
85100 15371700
85200 16394300
85300 15345100
85400 15481600
85500 15859000
85600 15568000
85700 22508700
85800 15583800
85900 17000500
86000 15921800
86100 15704800
86200 15863000
86300 16398300
86400 16188300
86500 15825000
86600 15699100
86700 27304600
86800 15924500
86900 15583300
87000 15773000
87100 15578500
87200 16239400
87300 17068800
87400 16002800
87500 16163600
87600 16201400
87700 18625000
87800 16084800
87900 16013100
88000 16389500
88100 16069500
88200 16084400
88300 16411400
88400 15893100
88500 16295900
88600 16155200
88700 16125300
88800 16569000
88900 16265800
89000 24373900
89100 16475600
89200 16237300
89300 16320500
89400 16284300
89500 17085800
89600 16086700
89700 16135000
89800 16809100
89900 16358000
90000 16494300
90100 17345700
90200 16939300
90300 16762300
90400 16507700
90500 20007700
90600 16691900
90700 16567200
90800 32152400
90900 23835300
91000 16585000
91100 16455500
91200 16913700
91300 17265900
91400 16729700
91500 16706500
91600 17245800
91700 16433000
91800 16816900
91900 16788600
92000 17182900
92100 16886300
92200 16742000
92300 17576100
92400 19375000
92500 17046700
92600 16712800
92700 18550600
92800 28149300
92900 16890100
93000 17189400
93100 17112900
93200 16931500
93300 17166400
93400 17171900
93500 16684200
93600 17125400
93700 17164500
93800 17259900
93900 17574900
94000 17174800
94100 17962400
94200 18140400
94300 20586600
94400 17304200
94500 17607900
94600 17122900
94700 18165700
94800 18383900
94900 20456300
95000 17282600
95100 17291000
95200 22804900
95300 17478600
95400 17593900
95500 18586700
95600 17279600
95700 17558200
95800 20185900
95900 17583200
96000 17468000
96100 17666000
96200 17762000
96300 17963600
96400 17939400
96500 18021200
96600 17435500
96700 20880700
96800 17634300
96900 28438400
97000 17526900
97100 17753700
97200 17580700
97300 17639000
97400 18196800
97500 26636100
97600 17954800
97700 17882600
97800 17759500
97900 17948000
98000 17905700
98100 18017200
98200 18840800
98300 18251000
98400 18136100
98500 18122000
98600 18238600
98700 18158000
98800 18669100
98900 19922300
99000 18745000
99100 18374800
99200 19652100
99300 18456700
99400 18180000
99500 18820100
99600 18317800
99700 18743600
99800 19266700
99900 18796300
100000 24059800
