500 40300
600 47700
700 64600
800 85700
900 192400
1000 263400
1100 134500
1200 93700
1300 180500
1400 694100
1500 259700
1600 138900
1700 139900
1800 159000
1900 149000
2000 182700
2100 169200
2200 185800
2300 176500
2400 188200
2500 190800
2600 219900
2700 225800
2800 319000
2900 249900
3000 263800
3100 268300
3200 273900
3300 280100
3400 283300
3500 299700
3600 306800
3700 309400
3800 348800
3900 321000
4000 345700
4100 348800
4200 357500
4300 367400
4400 366600
4500 737200
4600 385500
4700 393700
4800 703500
4900 757500
5000 398700
5100 762600
5200 759000
5300 3424500
5400 473400
5500 507700
5600 516600
5700 913400
5800 527500
5900 1012700
6000 1128400
6100 1007500
6200 978800
6300 869500
6400 736700
6500 593800
6600 582000
6700 1079200
6800 644600
6900 626600
7000 626100
7100 615600
7200 619400
7300 640800
7400 630500
7500 797800
7600 671000
7700 1139300
7800 776900
7900 669100
8000 676100
8100 693200
8200 943800
8300 714800
8400 736000
8500 1587200
8600 761600
8700 732900
8800 759500
8900 751700
9000 759200
9100 1386000
9200 989000
9300 805800
9400 823900
9500 835200
9600 838900
9700 824300
9800 1575200
9900 2438800
10000 4717900
10100 4283000
10200 2403800
10300 2503400
10400 2435700
10500 2593900
10600 2638900
10700 5089400
10800 3011400
10900 2448000
11000 3074800
11100 2929200
11200 3659000
11300 3001500
11400 3064300
11500 3083700
11600 3062300
11700 3113300
11800 3043500
11900 1468800
12000 3275300
12100 2163700
12200 3641900
12300 3217700
12400 3140000
12500 3299800
12600 3280400
12700 2103900
12800 2693800
12900 3333600
13000 4396000
13100 3238700
13200 6184700
13300 3526100
13400 3494200
13500 3548100
13600 2426600
13700 3582600
13800 3606900
13900 3579900
14000 3234100
14100 5997400
14200 3622100
14300 3685800
14400 6867000
14500 3999300
14600 3511200
14700 2985500
14800 3932600
14900 3745500
15000 2723600
15100 4096800
15200 3900800
15300 3428700
15400 4044100
15500 4010600
15600 3969000
15700 3843400
15800 4116000
15900 4246900
16000 7656500
16100 4023100
16200 4439300
16300 4222900
16400 2965500
16500 6824000
16600 4383700
16700 6006200
16800 4350700
16900 3450300
17000 4135500
17100 4411200
17200 4432100
17300 4486800
17400 4167400
17500 4135600
17600 4492900
17700 4521600
17800 4487900
17900 4584500
18000 4569000
18100 4572800
18200 3743300
18300 4649000
18400 4631700
18500 4813600
18600 4703800
18700 4842400
18800 8939300
18900 4961600
19000 4832900
19100 4850700
19200 5154200
19300 2177000
19400 4194700
19500 5193000
19600 4855600
19700 4974100
19800 5118100
19900 5209300
20000 5268100
20100 5057800
20200 3691400
20300 5076800
20400 5297100
20500 5416100
20600 9182100
20700 6593600
20800 6515900
20900 12128600
21000 9632800
21100 8905800
21200 6922800
21300 7001400
21400 6087400
21500 10656800
21600 8406900
21700 8951100
21800 5991700
21900 5974500
22000 7364700
22100 5583100
22200 6250900
22300 5525800
22400 6148000
22500 3929400
22600 6201800
22700 4459000
22800 3788900
22900 7742700
23000 6464700
23100 6062600
23200 6433400
23300 6555800
23400 8020100
23500 6687700
23600 6602300
23700 11662500
23800 6415000
23900 6689700
24000 6487600
24100 6788400
24200 4567700
24300 5400500
24400 6603900
24500 7255700
24600 6675800
24700 10920600
24800 6765700
24900 7242200
25000 6815900
25100 6770600
25200 7206900
25300 6019200
25400 6900600
25500 6944300
25600 6264200
25700 5308300
25800 6930300
25900 6950500
26000 4848600
26100 7184300
26200 7089300
26300 7123300
26400 6984800
26500 6813000
26600 7214100
26700 7364000
26800 5964500
26900 7223600
27000 12357400
27100 7147000
27200 7338700
27300 7645300
27400 7487500
27500 7626100
27600 7416300
27700 7414000
27800 7332300
27900 7466900
28000 10842300
28100 5898100
28200 7609200
28300 7961900
28400 7435700
28500 8056000
28600 7655200
28700 7777100
28800 8020200
28900 7606300
29000 7860100
29100 8765200
29200 7841300
29300 6688800
29400 13944000
29500 9191500
29600 6885500
29700 7652100
29800 13409100
29900 9728700
30000 8419200
30100 6630700
30200 15470600
30300 2950800
30400 4351600
30500 3206900
30600 2894600
30700 2911400
30800 3001600
30900 2893900
31000 3581900
31100 4459400
31200 2935200
31300 2956400
31400 3001300
31500 3284400
31600 3083400
31700 3006900
31800 4661800
31900 3395000
32000 3078200
32100 3028700
32200 3061000
32300 3441000
32400 3314000
32500 4027500
32600 3203600
32700 3107600
32800 3129700
32900 3411600
33000 3521400
33100 3147700
33200 3117500
33300 3387600
33400 3130700
33500 3212900
33600 3169100
33700 3202400
33800 3212100
33900 3400600
34000 6433400
34100 3198300
34200 3270500
34300 3403800
34400 3179800
34500 3275100
34600 3504100
34700 3267800
34800 3908500
34900 3335300
35000 3271300
35100 3237400
35200 3280500
35300 3478300
35400 3742300
35500 3302100
35600 3377300
35700 3403800
35800 6102900
35900 3370400
36000 5124800
36100 3472800
36200 4191600
36300 3451400
36400 3375500
36500 3405600
36600 3415900
36700 4976300
36800 3663500
36900 4149700
37000 4035100
37100 3456700
37200 4446700
37300 3512600
37400 3482700
37500 4096700
37600 3553300
37700 3550400
37800 3551200
37900 3563900
38000 3557400
38100 3573000
38200 3663000
38300 3599300
38400 3681100
38500 3652900
38600 3618900
38700 3615600
38800 3648500
38900 3864900
39000 4502300
39100 3736300
39200 3693800
39300 3833200
39400 3667200
39500 3700800
39600 4163900
39700 3994800
39800 4653000
39900 3766200
40000 3763900
40100 3802300
40200 3889500
40300 3789300
40400 3768700
40500 4134300
40600 3841600
40700 3864800
40800 12583000
40900 3975500
41000 7184500
41100 3964100
41200 3845600
41300 3943500
41400 3926800
41500 3902100
41600 4295200
41700 4292700
41800 4075900
41900 4351400
42000 4532100
42100 4059300
42200 7233700
42300 4197200
42400 4073500
42500 4164600
42600 4681900
42700 4143800
42800 4385600
42900 4237700
43000 4374400
43100 4345200
43200 4275700
43300 4320500
43400 4306700
43500 4322300
43600 4399800
43700 4328900
43800 5377800
43900 4873900
44000 4398900
44100 4407400
44200 4448200
44300 4458800
44400 5182100
44500 5647100
44600 4545100
44700 4597400
44800 6502300
44900 5913900
45000 4568500
45100 4543900
45200 4608900
45300 4622000
45400 4610100
45500 4674400
45600 4619600
45700 5300700
45800 4702000
45900 6294000
46000 4710500
46100 4845200
46200 4745800
46300 4640800
46400 4829600
46500 4720100
46600 4840600
46700 4744300
46800 7855300
46900 5010300
47000 6268600
47100 5138800
47200 4810400
47300 4846100
47400 7378000
47500 5084500
47600 5176400
47700 5045700
47800 5502600
47900 5668400
48000 5939900
48100 5262200
48200 5913900
48300 5142000
48400 5228900
48500 4973500
48600 4915600
48700 5480400
48800 5155700
48900 5400200
49000 4889200
49100 5307600
49200 4970200
49300 5505300
49400 4911500
49500 15028600
49600 4961300
49700 4964900
49800 5921500
49900 4999300
50000 7259300
50100 5516300
50200 5029600
50300 8147100
50400 5128800
50500 5089600
50600 5492400
50700 5083000
50800 5133600
50900 5293700
51000 9311200
51100 5108400
51200 5179100
51300 5104900
51400 6267000
51500 6152000
51600 5250200
51700 5251600
51800 5292700
51900 5223100
52000 8062500
52100 5297100
52200 5682900
52300 5444400
52400 6102300
52500 5381800
52600 8884000
52700 6647700
52800 5192100
52900 5308700
53000 6756000
53100 5452800
53200 5623400
53300 5359300
53400 5540300
53500 5328800
53600 9201200
53700 6317000
53800 6604800
53900 5294400
54000 5393300
54100 6842500
54200 5434300
54300 9863800
54400 5508500
54500 5879800
54600 5566300
54700 5495300
54800 5522000
54900 5520800
55000 9761700
55100 5811500
55200 5779800
55300 5528100
55400 6315200
55500 5900200
55600 5575300
55700 5572000
55800 5535900
55900 5580200
56000 5596500
56100 6628500
56200 5853700
56300 6193600
56400 5861200
56500 5592700
56600 10452700
56700 5645000
56800 7258100
56900 5947600
57000 5756300
57100 5677300
57200 5897800
57300 5679800
57400 5659500
57500 5991600
57600 9272800
57700 5714800
57800 5777700
57900 5866100
58000 6359200
58100 6009500
58200 6044200
58300 6248900
58400 5904800
58500 5982100
58600 5890700
58700 5998900
58800 8546700
58900 6497300
59000 6754900
59100 8158700
59200 5873000
59300 8248200
59400 5851700
59500 6273200
59600 5994700
59700 6605400
59800 8884300
59900 6005700
60000 6202700
60100 6891100
60200 5960700
60300 6238700
60400 5981600
60500 6867400
60600 5876800
60700 6043000
60800 6052600
60900 6187200
61000 6096400
61100 8610800
61200 6523600
61300 6378600
61400 6143400
61500 6501000
61600 6194700
61700 6068400
61800 6158100
61900 6121000
62000 6244900
62100 7646800
62200 6341500
62300 6330100
62400 6178000
62500 6349300
62600 6165500
62700 6758600
62800 9951200
62900 6463600
63000 6368300
63100 6235100
63200 6243800
63300 6246500
63400 6203000
63500 9933900
63600 7109800
63700 6389700
63800 6262900
63900 6251700
64000 6368000
64100 6323100
64200 6303000
64300 6908900
64400 6719500
64500 9035000
64600 11921000
64700 6319700
64800 8539400
64900 7515400
65000 6346200
65100 6447500
65200 6913300
65300 6445300
65400 6425700
65500 6408700
65600 6969400
65700 6750000
65800 6576100
65900 6956800
66000 6562400
66100 7042900
66200 6504900
66300 6621100
66400 7691300
66500 8524600
66600 6707100
66700 8958700
66800 6645700
66900 6830700
67000 6660000
67100 7461300
67200 6661100
67300 6548700
67400 6663300
67500 6682000
67600 7054900
67700 6626600
67800 6719400
67900 6653800
68000 6723600
68100 6854500
68200 11880900
68300 6667700
68400 6742800
68500 6741400
68600 6863800
68700 6750000
68800 6990800
68900 6981000
69000 6871200
69100 6804100
69200 7112800
69300 6873600
69400 6971800
69500 10008500
69600 6866600
69700 6877700
69800 7211400
69900 9826900
70000 7046000
70100 6918600
70200 7353100
70300 6956100
70400 7651500
70500 6850500
70600 10916500
70700 14504400
70800 6933800
70900 7095800
71000 10778700
71100 7392000
71200 6866700
71300 7199900
71400 7092000
71500 14551200
71600 7299800
71700 7237900
71800 7083000
71900 7464600
72000 7385300
72100 7304300
72200 7550600
72300 10034700
72400 8676600
72500 7760100
72600 11255800
72700 7227900
72800 7432400
72900 7464100
73000 12325700
73100 11501200
73200 7449000
73300 7418000
73400 7429300
73500 10407800
73600 7793100
73700 7624300
73800 7424500
73900 7160100
74000 8037800
74100 8234100
74200 7493700
74300 7965100
74400 7912900
74500 7704400
74600 8488800
74700 11445500
74800 7356100
74900 7819400
75000 7465800
75100 7442600
75200 7626000
75300 7512200
75400 8383000
75500 7349300
75600 7311200
75700 7429400
75800 8921800
75900 8303700
76000 7554200
76100 7703600
76200 8119300
76300 7641100
76400 7644200
76500 7722700
76600 7573800
76700 9110700
76800 7610200
76900 7858800
77000 7725100
77100 8036500
77200 7744400
77300 7614700
77400 7542700
77500 7603900
77600 7641500
77700 7978000
77800 12574700
77900 7687400
78000 7786000
78100 8179100
78200 7715800
78300 7678100
78400 7886300
78500 7574300
78600 7704100
78700 8022900
78800 7672700
78900 8235900
79000 8129200
79100 7922700
79200 10360900
79300 10144000
79400 7880500
79500 8360900
79600 7782100
79700 8010800
79800 7928800
79900 9874400
80000 7959400
80100 8102500
80200 7848300
80300 7915500
80400 7931400
80500 8381800
80600 7990700
80700 7814400
80800 7967100
80900 8377500
81000 8259900
81100 8024800
81200 8131800
81300 7967200
81400 8348100
81500 8187200
81600 8999600
81700 8239800
81800 8391800
81900 8192600
82000 11664300
82100 8381200
82200 8301100
82300 8134000
82400 9053000
82500 8081000
82600 13146500
82700 8360000
82800 8885600
82900 8099200
83000 8284000
83100 9519200
83200 8449200
83300 13039000
83400 17390300
83500 8333300
83600 8934800
83700 8507100
83800 8852700
83900 8647100
84000 8799400
84100 9271700
84200 8498300
84300 8842600
84400 8799300
84500 9124400
84600 8432800
84700 12901900
84800 8934900
84900 8833900
85000 8815400
85100 9083600
85200 9025200
85300 8968700
85400 8721900
85500 9001200
85600 8774900
85700 8790800
85800 8706900
85900 8749400
86000 11538900
86100 9386900
86200 9243100
86300 9692300
86400 9714800
86500 9283200
86600 9022200
86700 8962500
86800 9119500
86900 9266500
87000 11025200
87100 9054400
87200 9055100
87300 9298300
87400 9494300
87500 9530900
87600 9143800
87700 9411800
87800 9475600
87900 9727000
88000 9451400
88100 9581700
88200 9269700
88300 14593300
88400 9554800
88500 9814100
88600 9621500
88700 10297900
88800 9648500
88900 9485000
89000 9407400
89100 9512500
89200 9405800
89300 12526500
89400 10748700
89500 9432100
89600 9431700
89700 9498900
89800 9932000
89900 10033500
90000 11693200
90100 15710500
90200 9777300
90300 9962300
90400 10701200
90500 18573500
90600 10754600
90700 10653300
90800 13857300
90900 23665200
91000 9737300
91100 10118300
91200 9925900
91300 10393000
91400 10222300
91500 10832600
91600 10020500
91700 9938200
91800 10265200
91900 10271700
92000 9919000
92100 12368800
92200 9847100
92300 10347700
92400 10061700
92500 10142200
92600 9793000
92700 11178200
92800 10161700
92900 9961100
93000 9884900
93100 10439400
93200 10303600
93300 10098100
93400 10216100
93500 10590700
93600 10231600
93700 12829300
93800 10360100
93900 11842800
94000 11134200
94100 10764600
94200 10221100
94300 16182900
94400 21891100
94500 10537000
94600 10881000
94700 10095500
94800 10616800
94900 10330500
95000 10102800
95100 12694400
95200 10145700
95300 10414500
95400 10096100
95500 11714300
95600 10612800
95700 10271200
95800 10141300
95900 10546100
96000 10407500
96100 10537500
96200 10376300
96300 11456200
96400 10323100
96500 10618500
96600 12620900
96700 11116700
96800 10206400
96900 10378200
97000 10143800
97100 10219700
97200 16124900
97300 10417300
97400 10454900
97500 10736600
97600 16040800
97700 10300500
97800 10973500
97900 10703500
98000 10333300
98100 10291800
98200 10842300
98300 10482700
98400 10820400
98500 10719800
98600 10598600
98700 11967800
98800 12294400
98900 10928900
99000 13519300
99100 10648600
99200 10737500
99300 10574500
99400 25118600
99500 10892900
99600 10756100
99700 10749700
99800 10470500
99900 10784000
100000 11780100
