500 91000
600 89300
700 73000
800 189400
900 149300
1000 234700
1100 109400
1200 110300
1300 124400
1400 281500
1500 302500
1600 181500
1700 183400
1800 190900
1900 188800
2000 205200
2100 209500
2200 210800
2300 214200
2400 223000
2500 261500
2600 243100
2700 264100
2800 292900
2900 304200
3000 333800
3100 346900
3200 349100
3300 374500
3400 361600
3500 379100
3600 367300
3700 377000
3800 389300
3900 450200
4000 402200
4100 406200
4200 411100
4300 454100
4400 427100
4500 881400
4600 448200
4700 464700
4800 921600
4900 904000
5000 896200
5100 930300
5200 872600
5300 1453100
5400 532800
5500 555600
5600 1136000
5700 604700
5800 652800
5900 1236400
6000 1241000
6100 756500
6200 1382800
6300 760900
6400 772200
6500 727000
6600 1042200
6700 749700
6800 746200
6900 900000
7000 854800
7100 783000
7200 762700
7300 791600
7400 787700
7500 792300
7600 904400
7700 824400
7800 821800
7900 826900
8000 824900
8100 843400
8200 844000
8300 854400
8400 861800
8500 856800
8600 1881700
8700 960600
8800 875200
8900 903200
9000 906100
9100 1514400
9200 934000
9300 1097800
9400 920100
9500 922400
9600 935400
9700 1358100
9800 1805700
9900 2803400
10000 5729400
10100 4190200
10200 3041600
10300 2750900
10400 2653300
10500 2510200
10600 2555900
10700 6116900
10800 3294100
10900 2301500
11000 3279100
11100 3557000
11200 3233400
11300 3581800
11400 3564900
11500 3280100
11600 3772300
11700 4070700
11800 5856700
11900 4378100
12000 4378500
12100 4060200
12200 4172900
12300 4170700
12400 4386800
12500 4278700
12600 4208200
12700 3138500
12800 3226000
12900 4310400
13000 10236500
13100 4383500
13200 4844600
13300 4329000
13400 4364100
13500 4297800
13600 3425200
13700 4404700
13800 4832700
13900 4586500
14000 4933100
14100 4566100
14200 39980000
14300 4639800
14400 7759200
14500 4814300
14600 4904100
14700 3911900
14800 4649200
14900 4693400
15000 3425400
15100 4858900
15200 4706800
15300 2966100
15400 5430200
15500 4814700
15600 4792300
15700 4864500
15800 4802600
15900 4782300
16000 7342900
16100 4927100
16200 3961700
16300 5514900
16400 9102500
16500 4938400
16600 5328700
16700 5033500
16800 4062800
16900 5173400
17000 5218100
17100 5165300
17200 5197300
17300 5151100
17400 4544000
17500 4792700
17600 5344900
17700 5617900
17800 5216800
17900 5446600
18000 6334500
18100 5264300
18200 3004600
18300 5308200
18400 5134200
18500 3686700
18600 5438600
18700 5483200
18800 9251800
18900 5406600
19000 5037000
19100 5467900
19200 10611800
19300 4991400
19400 5850900
19500 5586200
19600 5620000
19700 5751000
19800 5566900
19900 5669200
20000 5718700
20100 5577000
20200 6166200
20300 6091200
20400 5876700
20500 5477200
20600 5085600
20700 6155900
20800 7603600
20900 20278600
21000 7241000
21100 12371200
21200 11763800
21300 6323200
21400 12067600
21500 9577000
21600 12198000
21700 12080700
21800 6749500
21900 5573000
22000 12401400
22100 6870500
22200 6895100
22300 7145500
22400 5771200
22500 5943500
22600 7198200
22700 10717000
22800 6888700
22900 7734600
23000 7485900
23100 7789000
23200 6803600
23300 7892500
23400 7447700
23500 8073300
23600 7948500
23700 15057900
23800 14178800
23900 8211100
24000 8147500
24100 8248000
24200 5036400
24300 8383800
24400 8861400
24500 8712500
24600 8785600
24700 8821200
24800 8655600
24900 9061100
25000 8858000
25100 6014900
25200 8398900
25300 8654500
25400 8865000
25500 8677900
25600 9078700
25700 7985100
25800 9819500
25900 7973500
26000 6514100
26100 8872600
26200 6940700
26300 8839000
26400 8859200
26500 8806000
26600 8957600
26700 9011800
26800 8047300
26900 9060700
27000 13652600
27100 11153200
27200 9424400
27300 8304900
27400 9168000
27500 9299900
27600 9145200
27700 9283800
27800 5055000
27900 8936700
28000 9704800
28100 9501500
28200 9299000
28300 10045000
28400 8633900
28500 9723700
28600 13999300
28700 8894500
28800 9592400
28900 9571400
29000 9468500
29100 14638700
29200 9737800
29300 9677200
29400 9657300
29500 9457500
29600 13067900
29700 8787900
29800 13825100
29900 11430300
30000 52939700
30100 19755500
30200 9043500
30300 5357000
30400 5587500
30500 5483000
30600 3441700
30700 3499700
30800 3490500
30900 3738300
31000 3499000
31100 3476500
31200 3553000
31300 3888700
31400 3547100
31500 3813800
31600 3571600
31700 3595900
31800 3825700
31900 3575200
32000 3602200
32100 3585800
32200 3600900
32300 4048200
32400 3831400
32500 3796600
32600 3683400
32700 3658300
32800 3638400
32900 3622700
33000 3617000
33100 3648700
33200 3679100
33300 3682800
33400 3693000
33500 6057200
33600 4064700
33700 3772900
33800 3755000
33900 3720700
34000 4001500
34100 3732100
34200 3723700
34300 3857100
34400 5085700
34500 4602700
34600 3907200
34700 3835900
34800 3850500
34900 3832000
35000 3817200
35100 5651300
35200 3847100
35300 3815200
35400 3850500
35500 3829500
35600 3910900
35700 3880200
35800 3874900
35900 3907800
36000 7013600
36100 3955800
36200 5195400
36300 3894200
36400 3898500
36500 3875700
36600 3904200
36700 5710000
36800 3997700
36900 3987500
37000 4311400
37100 3975600
37200 4983300
37300 3962600
37400 3958600
37500 5164200
37600 3968200
37700 3999700
37800 4040800
37900 4056500
38000 4609500
38100 4023100
38200 4050400
38300 4071100
38400 4589200
38500 4083400
38600 4108600
38700 4218400
38800 4100100
38900 4480600
39000 4108900
39100 4089100
39200 4092700
39300 6894900
39400 4141200
39500 4170100
39600 4600200
39700 4322200
39800 4412600
39900 8420700
40000 4173000
40100 4190900
40200 4449500
40300 4182000
40400 4212700
40500 5158800
40600 4399200
40700 4283200
40800 4391200
40900 5272900
41000 6804900
41100 4511200
41200 4288700
41300 4322500
41400 4366400
41500 7865500
41600 4379600
41700 4658700
41800 4578300
41900 4765500
42000 4618100
42100 4565400
42200 4679000
42300 4569600
42400 4982700
42500 4642600
42600 5055200
42700 4629600
42800 7035600
42900 4778900
43000 5392400
43100 4777400
43200 4801200
43300 5080000
43400 4835000
43500 4846700
43600 4957600
43700 5210800
43800 4954600
43900 5104900
44000 5789700
44100 6708500
44200 5698000
44300 8299100
44400 5123600
44500 5855200
44600 5347500
44700 6062800
44800 5288500
44900 5281900
45000 5247600
45100 5504700
45200 5249600
45300 5291800
45400 6259100
45500 5808500
45600 5327900
45700 5464700
45800 6058000
45900 5455500
46000 8673200
46100 6317600
46200 5531400
46300 5581100
46400 5922800
46500 5578000
46600 5889700
46700 6878700
46800 5744400
46900 5780600
47000 6057200
47100 5771600
47200 12049400
47300 5964300
47400 5913700
47500 5943300
47600 5925900
47700 6077400
47800 5977700
47900 5999100
48000 9403200
48100 6053200
48200 6042700
48300 6076800
48400 6065500
48500 6139000
48600 11946100
48700 7914600
48800 6201500
48900 6599300
49000 6375800
49100 6240600
49200 8109100
49300 12422700
49400 6677000
49500 6391900
49600 6683700
49700 6546500
49800 6358800
49900 6336100
50000 6747100
50100 6716300
50200 6408700
50300 11868900
50400 6533100
50500 8334300
50600 6309300
50700 6429400
50800 6398800
50900 6417500
51000 6801000
51100 6458200
51200 6451300
51300 7553200
51400 10245800
51500 7002900
51600 8922500
51700 7182500
51800 6415500
51900 6488600
52000 6455600
52100 9179100
52200 6452400
52300 6477700
52400 6708300
52500 6536500
52600 7002800
52700 6576700
52800 6485300
52900 6895200
53000 6633500
53100 6890700
53200 6502700
53300 6682000
53400 6681700
53500 6840100
53600 7143000
53700 6674300
53800 6585600
53900 6760000
54000 7077600
54100 6665300
54200 7031600
54300 6629700
54400 6665100
54500 6750100
54600 6680900
54700 7185200
54800 6932600
54900 6908800
55000 14125800
55100 6784800
55200 6774000
55300 7317700
55400 11132600
55500 6762300
55600 7610200
55700 6982900
55800 7054300
55900 7012800
56000 7004400
56100 6709300
56200 6799800
56300 6816000
56400 6815100
56500 6872500
56600 7984400
56700 6969800
56800 7415200
56900 6942600
57000 6784000
57100 8309300
57200 6858300
57300 7102900
57400 6893000
57500 6960600
57600 9115000
57700 7560400
57800 6918900
57900 7412800
58000 6939500
58100 10709000
58200 6955800
58300 7043400
58400 6982600
58500 7446100
58600 8245000
58700 7300200
58800 8239800
58900 7353900
59000 7144600
59100 7362200
59200 7797300
59300 14194000
59400 7607700
59500 7379100
59600 7123600
59700 7084000
59800 9599000
59900 7769700
60000 7285700
60100 7154000
60200 7213600
60300 8180500
60400 7135200
60500 7278000
60600 7897200
60700 7191400
60800 7618100
60900 7631300
61000 7229800
61100 15122200
61200 13405200
61300 7107000
61400 8598500
61500 7824200
61600 11066700
61700 7340100
61800 7446300
61900 7440000
62000 7983200
62100 7568900
62200 7260100
62300 33078700
62400 12265100
62500 7378100
62600 7626700
62700 7353100
62800 7405300
62900 7512500
63000 7394300
63100 7423700
63200 7310000
63300 7375600
63400 7362500
63500 7498500
63600 7538900
63700 8285200
63800 7726900
63900 7622600
64000 7820700
64100 7633200
64200 7536500
64300 7432800
64400 7572800
64500 8456000
64600 7485800
64700 7664100
64800 7627000
64900 8491100
65000 8332300
65100 15202300
65200 7485800
65300 8180600
65400 11253200
65500 7542700
65600 15728900
65700 7784700
65800 7559600
65900 7894100
66000 7641400
66100 7640700
66200 7878600
66300 7604200
66400 8254300
66500 14253700
66600 8711500
66700 8038200
66800 7662500
66900 8441200
67000 8870400
67100 8079800
67200 7891800
67300 7821300
67400 7893600
67500 9829900
67600 22760600
67700 7771500
67800 7739200
67900 7721800
68000 20945900
68100 7777000
68200 10741500
68300 7847400
68400 8131300
68500 7823300
68600 8086400
68700 7798900
68800 8285200
68900 8509400
69000 7816800
69100 7913500
69200 8437000
69300 8092500
69400 8178100
69500 8185100
69600 9811700
69700 7920300
69800 8158700
69900 10295900
70000 8188500
70100 7958200
70200 8178000
70300 7944200
70400 8366200
70500 7905000
70600 8329100
70700 10854900
70800 8061000
70900 8042600
71000 11021000
71100 8446800
71200 9978700
71300 7979600
71400 11064600
71500 9774400
71600 8594200
71700 8253300
71800 8051900
71900 8521200
72000 11417600
72100 8367900
72200 11258400
72300 11271500
72400 8572200
72500 8580100
72600 8159600
72700 8141400
72800 8263800
72900 8473700
73000 8101300
73100 12177100
73200 8364900
73300 8439600
73400 8349700
73500 8247000
73600 8820900
73700 8470000
73800 8354400
73900 8436500
74000 8499500
74100 8431000
74200 9768400
74300 8393800
74400 8817900
74500 8541500
74600 8759500
74700 8310800
74800 8363000
74900 8841400
75000 8744800
75100 8551100
75200 8877100
75300 8333100
75400 8405200
75500 8388600
75600 9118500
75700 8590500
75800 8993300
75900 8632300
76000 8415800
76100 8633000
76200 8849700
76300 8429100
76400 8891700
76500 8871700
76600 8505400
76700 8716900
76800 8690500
76900 9004200
77000 10251800
77100 9915100
77200 8492300
77300 8510300
77400 8800300
77500 8542200
77600 8918400
77700 14904300
77800 8989400
77900 8484500
78000 8802500
78100 12071100
78200 8491900
78300 9946000
78400 8859500
78500 8667900
78600 8579700
78700 8807100
78800 8555200
78900 8918200
79000 8616200
79100 11172600
79200 8623200
79300 10064400
79400 8648300
79500 9237600
79600 9176300
79700 9876100
79800 8903500
79900 15768100
80000 8949800
80100 8954500
80200 8972200
80300 9424000
80400 10407200
80500 8691600
80600 9119600
80700 8734000
80800 9016800
80900 9070800
81000 9283200
81100 8877600
81200 9490200
81300 9182000
81400 9539000
81500 10933600
81600 8955800
81700 8806400
81800 9117500
81900 9132600
82000 9145900
82100 9097500
82200 8972400
82300 9428600
82400 9305100
82500 8991000
82600 10969900
82700 9242000
82800 9417600
82900 9086700
83000 9158100
83100 9227900
83200 9262300
83300 9556500
83400 9482900
83500 9385800
83600 9457800
83700 10996900
83800 9485200
83900 9346000
84000 9339000
84100 9520900
84200 9752000
84300 13544000
84400 9895500
84500 9520500
84600 9469300
84700 9853000
84800 11606100
84900 9782700
85000 20127500
85100 9669200
85200 10088100
85300 9740900
85400 9963000
85500 9823300
85600 10083800
85700 10239900
85800 11443700
85900 9807100
86000 11387000
86100 9916200
86200 10222500
86300 16809700
86400 10483400
86500 10319800
86600 10194600
86700 13930900
86800 10155900
86900 11431000
87000 10693800
87100 10345500
87200 10442700
87300 11388400
87400 10698200
87500 10193200
87600 10524600
87700 10452800
87800 10604000
87900 10294900
88000 10357600
88100 10336800
88200 10754100
88300 10985800
88400 10665700
88500 10785400
88600 10595000
88700 10977700
88800 10523100
88900 10805900
89000 10743000
89100 10983200
89200 10989400
89300 15842400
89400 11278100
89500 11751000
89600 11079900
89700 11228000
89800 10701600
89900 11150900
90000 14493300
90100 10794300
90200 10850700
90300 10902100
90400 14733000
90500 12330200
90600 11467900
90700 11369600
90800 13261200
90900 13451100
91000 11181200
91100 12175400
91200 13388300
91300 13766300
91400 11289800
91500 24838500
91600 11551800
91700 11752600
91800 11615800
91900 12068100
92000 11508300
92100 11628700
92200 12063900
92300 11791800
92400 12537900
92500 13437000
92600 11885400
92700 12488900
92800 11732500
92900 11679700
93000 11946000
93100 17995500
93200 12053300
93300 13417700
93400 20192300
93500 12205800
93600 12400700
93700 20527000
93800 12095200
93900 13148000
94000 12145500
94100 12248600
94200 12660700
94300 12111700
94400 14882600
94500 14072000
94600 12710400
94700 12227500
94800 12731500
94900 12442100
95000 12376000
95100 12393500
95200 12897400
95300 12131700
95400 12467400
95500 14101100
95600 12388800
95700 12707500
95800 12319300
95900 12778400
96000 12831100
96100 22634500
96200 16166200
96300 12898800
96400 14914000
96500 14946400
96600 12968800
96700 12844200
96800 12945500
96900 20245200
97000 12952900
97100 12841100
97200 12986100
97300 12840500
97400 13293300
97500 13190100
97600 12799100
97700 13833400
97800 13140200
97900 14168900
98000 13042700
98100 13446900
98200 13064100
98300 14280800
98400 13466900
98500 15070800
98600 17569000
98700 14317600
98800 13515600
98900 13247600
99000 13280200
99100 13290600
99200 13555600
99300 13024300
99400 13266200
99500 13287500
99600 14091800
99700 21084400
99800 13695300
99900 13450500
100000 13658400
