500 102700
600 140000
700 139600
800 209800
900 163200
1000 228600
1100 251800
1200 199400
1300 227900
1400 486900
1500 505000
1600 379400
1700 265800
1800 294600
1900 416800
2000 372400
2100 403300
2200 747300
2300 434000
2400 463000
2500 486900
2600 524900
2700 583200
2800 552400
2900 628000
3000 645000
3100 681600
3200 759700
3300 537100
3400 540000
3500 558800
3600 592400
3700 660200
3800 855300
3900 700500
4000 758700
4100 768800
4200 804500
4300 785100
4400 848800
4500 1406100
4600 978300
4700 950600
4800 974200
4900 1472000
5000 1001800
5100 1039000
5200 1078500
5300 1749700
5400 1335400
5500 1647400
5600 1760100
5700 1556600
5800 2035400
5900 1282400
6000 2074500
6100 1947100
6200 2539800
6300 2206700
6400 1855900
6500 1490200
6600 1685200
6700 1572400
6800 1216700
6900 1215000
7000 1211700
7100 1276000
7200 1295800
7300 1273300
7400 1407600
7500 1344800
7600 1672100
7700 1365000
7800 1440300
7900 1647500
8000 1490300
8100 1562600
8200 1492200
8300 1562900
8400 2137700
8500 1648800
8600 1650000
8700 1684700
8800 1710100
8900 2162200
9000 1774300
9100 1780400
9200 3124200
9300 1889600
9400 1900400
9500 8801600
9600 2547400
9700 2104100
9800 4336200
9900 5942000
10000 5886300
10100 4693000
10200 5599800
10300 4187500
10400 5379700
10500 5905300
10600 4830900
10700 6255400
10800 7031900
10900 5813700
11000 5020800
11100 6984200
11200 14681400
11300 6940700
11400 6887400
11500 7112400
11600 6138000
11700 7453200
11800 6872800
11900 7485600
12000 4186100
12100 7904300
12200 7905200
12300 8035600
12400 6305600
12500 7911300
12600 8282400
12700 8270100
12800 7580400
12900 5639800
13000 6578900
13100 3636900
13200 5253900
13300 7739900
13400 6675500
13500 6595400
13600 6695500
13700 5967600
13800 6764800
13900 6978700
14000 7288100
14100 8530500
14200 8151000
14300 7845400
14400 7447000
14500 4353800
14600 7724800
14700 8229900
14800 5632800
14900 8105600
15000 7773400
15100 8211000
15200 9800600
15300 8010800
15400 8807000
15500 8922100
15600 8565800
15700 8585600
15800 7655300
15900 8833700
16000 8935300
16100 11014700
16200 9011700
16300 8703800
16400 5868400
16500 7707300
16600 9542900
16700 10267500
16800 9876600
16900 9029500
17000 9527400
17100 10230300
17200 9805900
17300 11749100
17400 10090100
17500 22102600
17600 10114100
17700 11115800
17800 10104300
17900 10483200
18000 13768800
18100 12719900
18200 10772400
18300 11383600
18400 10280900
18500 10517400
18600 10602500
18700 11072300
18800 6994500
18900 18398900
19000 11705900
19100 11447800
19200 11711800
19300 11584500
19400 10242500
19500 12022600
19600 12480800
19700 9955400
19800 11809600
19900 12005800
20000 11326400
20100 17081400
20200 11680500
20300 12323200
20400 12733500
20500 12701500
20600 44514200
20700 17734500
20800 14414500
20900 17461800
21000 15339100
21100 21350700
21200 20284300
21300 11870100
21400 13576400
21500 20848700
21600 18398400
21700 20126100
21800 16477800
21900 14409700
22000 14630300
22100 14409400
22200 13475100
22300 13538500
22400 14011000
22500 14729500
22600 28315400
22700 14503800
22800 19647100
22900 19746100
23000 15006400
23100 15777900
23200 16177800
23300 11308400
23400 15028200
23500 15626100
23600 15497100
23700 14706300
23800 16117900
23900 14502400
24000 16199200
24100 16221400
24200 14495500
24300 16550900
24400 16092600
24500 17064700
24600 15823400
24700 25638500
24800 17279400
24900 16147700
25000 17579100
25100 17287100
25200 9878600
25300 17087200
25400 17849800
25500 17288700
25600 22044600
25700 14458200
25800 13680600
25900 13155800
26000 14366600
26100 16205600
26200 11530400
26300 16472400
26400 14115600
26500 28267500
26600 13452700
26700 13312200
26800 14126800
26900 12509300
27000 7486400
27100 14091300
27200 14429500
27300 15305200
27400 18638000
27500 14794600
27600 15453300
27700 14573600
27800 13849200
27900 12690800
28000 15046700
28100 11671500
28200 15408500
28300 14624300
28400 15723300
28500 15753200
28600 15783300
28700 15737200
28800 15922000
28900 15447000
29000 13838400
29100 22735800
29200 17158400
29300 15244900
29400 19701600
29500 20007700
29600 23019400
29700 15688000
29800 18377700
29900 25955300
30000 23075000
30100 24745800
30200 23978100
30300 6085800
30400 6917500
30500 6431300
30600 6467800
30700 6301700
30800 6204100
30900 6617400
31000 6331800
31100 6967000
31200 6494900
31300 6416400
31400 10476500
31500 6429600
31600 6393500
31700 6877800
31800 6382900
31900 6446600
32000 6516200
32100 7650600
32200 6756500
32300 6559000
32400 10429700
32500 6592000
32600 6844500
32700 7240700
32800 6856800
32900 8390100
33000 7641500
33100 7312700
33200 6950600
33300 7440200
33400 10342700
33500 6912000
33600 7027100
33700 7104300
33800 7178500
33900 8313500
34000 7381100
34100 7190000
34200 7410500
34300 10863000
34400 7387500
34500 7700600
34600 11489900
34700 7490100
34800 7614700
34900 7480000
35000 7768600
35100 7392700
35200 11187900
35300 7860100
35400 7490900
35500 14997700
35600 7672700
35700 7580500
35800 7835600
35900 7711500
36000 8015900
36100 8082700
36200 8076600
36300 8721800
36400 8155200
36500 9210300
36600 8150200
36700 8188100
36800 8113500
36900 11983200
37000 8628300
37100 8483500
37200 8489500
37300 9238400
37400 8218100
37500 8288600
37600 8481600
37700 12811600
37800 8226100
37900 8975500
38000 8620900
38100 9036600
38200 8597700
38300 8443900
38400 8787200
38500 8936500
38600 8835100
38700 8536500
38800 8683000
38900 8732200
39000 8815500
39100 8894600
39200 8789000
39300 9018200
39400 9061300
39500 8926800
39600 9357900
39700 9293400
39800 8944900
39900 9332100
40000 8993000
40100 13588000
40200 9249200
40300 10793200
40400 9101700
40500 10909900
40600 9627100
40700 9618500
40800 9270700
40900 9554000
41000 9401800
41100 9503500
41200 11560000
41300 9867000
41400 9383300
41500 9930900
41600 13930500
41700 10540400
41800 9993700
41900 9869100
42000 10038000
42100 10269300
42200 10541800
42300 9716700
42400 9750200
42500 10157300
42600 10066600
42700 10123100
42800 10646400
42900 10265200
43000 10039600
43100 10139400
43200 11111100
43300 10533000
43400 10708400
43500 11183700
43600 15724300
43700 10247900
43800 10859200
43900 10545200
44000 10737400
44100 10464700
44200 10755400
44300 11658000
44400 10948100
44500 10731000
44600 15561300
44700 10876400
44800 10893300
44900 10822400
45000 12520300
45100 10851300
45200 11099800
45300 11247200
45400 11479200
45500 12225600
45600 11195100
45700 11153900
45800 14980300
45900 11536400
46000 11280200
46100 12219500
46200 12487700
46300 11419300
46400 12142400
46500 11578700
46600 11919800
46700 12021700
46800 11468700
46900 12058000
47000 12519300
47100 11706600
47200 12051400
47300 11929400
47400 11607200
47500 12130200
47600 11976000
47700 11837600
47800 12057100
47900 15084700
48000 12065300
48100 12112200
48200 12216300
48300 12351900
48400 12211200
48500 12350700
48600 12503900
48700 12955300
48800 13128100
48900 12540800
49000 12823400
49100 12882100
49200 13031400
49300 12606900
49400 13874300
49500 12664000
49600 12369700
49700 12709100
49800 14090700
49900 12526700
50000 17622300
50100 13280600
50200 12961200
50300 12967900
50400 13339600
50500 12921200
50600 13150700
50700 13324000
50800 13100500
50900 19312700
51000 13345200
51100 15446700
51200 13324100
51300 12071500
51400 11218700
51500 10468100
51600 10396700
51700 18430000
51800 10831500
51900 11310000
52000 10489000
52100 10603900
52200 10296300
52300 10347800
52400 10529400
52500 10508100
52600 10840900
52700 12167600
52800 10841200
52900 10592600
53000 12068000
53100 10718900
53200 11062500
53300 10919200
53400 10943300
53500 11039500
53600 11321300
53700 11518500
53800 17063700
53900 11165500
54000 11063500
54100 10870700
54200 11180100
54300 11054600
54400 11322500
54500 11113100
54600 10962600
54700 11014500
54800 11116200
54900 11064700
55000 11505300
55100 11016100
55200 11122000
55300 11672000
55400 11172300
55500 11463200
55600 11377600
55700 11687400
55800 11267200
55900 13876300
56000 11492100
56100 11576100
56200 11331200
56300 11388800
56400 11354700
56500 11804000
56600 11502800
56700 12329200
56800 11914400
56900 11722200
57000 12002800
57100 13869300
57200 12672800
57300 12287800
57400 11876000
57500 11731400
57600 12861200
57700 12914400
57800 11956300
57900 11860600
58000 11935100
58100 12457200
58200 12041800
58300 12211100
58400 12590900
58500 12157600
58600 13002000
58700 12537000
58800 12605800
58900 14039600
59000 12613200
59100 12535100
59200 13350300
59300 12888000
59400 12420500
59500 12583100
59600 12709800
59700 19001200
59800 14594100
59900 13228500
60000 13082700
60100 13644000
60200 18593900
60300 16154100
60400 13140500
60500 13296600
60600 13076300
60700 19353700
60800 13081000
60900 13230500
61000 13206700
61100 13161800
61200 15432000
61300 13742600
61400 13191600
61500 13619000
61600 14538500
61700 13398500
61800 13940100
61900 13348100
62000 13606500
62100 17094400
62200 13636700
62300 13604600
62400 13154100
62500 14328200
62600 13402400
62700 13310600
62800 13960500
62900 13562600
63000 17108700
63100 15762400
63200 13808900
63300 15316400
63400 18279100
63500 13751900
63600 14105400
63700 13977400
63800 13911300
63900 15092300
64000 14103400
64100 14361900
64200 14195000
64300 13839700
64400 13941900
64500 20498500
64600 14250400
64700 15048500
64800 25605600
64900 15253300
65000 14194300
65100 14214900
65200 14575800
65300 18353300
65400 14677600
65500 14430800
65600 14802900
65700 14581500
65800 15776800
65900 14642100
66000 14890500
66100 14256900
66200 14652900
66300 19736000
66400 14743900
66500 14415700
66600 15286100
66700 14987500
66800 15315700
66900 14806300
67000 14948200
67100 14958600
67200 18837800
67300 17870800
67400 15661600
67500 15578900
67600 16878600
67700 15046500
67800 15194600
67900 17805600
68000 15224100
68100 15776900
68200 15033700
68300 16819300
68400 15165700
68500 23282100
68600 15415000
68700 15542000
68800 16317800
68900 15304200
69000 15549600
69100 15492500
69200 15607000
69300 15934700
69400 16432500
69500 16526400
69600 15755400
69700 15966800
69800 23834400
69900 16209200
70000 16115000
70100 15764800
70200 15738500
70300 16466700
70400 16948900
70500 16021500
70600 15824000
70700 16024100
70800 21040000
70900 16577200
71000 16007200
71100 16909000
71200 16310500
71300 17215700
71400 16595600
71500 16166000
71600 16938500
71700 16091800
71800 16336100
71900 16433500
72000 29487200
72100 16246200
72200 16463400
72300 24878000
72400 16602600
72500 16453900
72600 16730400
72700 25537200
72800 16568200
72900 16653100
73000 16623800
73100 16507800
73200 17107000
73300 16569000
73400 17129100
73500 17054400
73600 19633500
73700 17081400
73800 16829400
73900 17009400
74000 17248700
74100 17151500
74200 18110300
74300 17667900
74400 17145600
74500 17559100
74600 17324900
74700 18594800
74800 17042000
74900 17119900
75000 17295600
75100 18654300
75200 17043900
75300 18032000
75400 17480600
75500 17582400
75600 17349200
75700 17378900
75800 18138900
75900 17799500
76000 17772000
76100 18116400
76200 17608400
76300 18533400
76400 17793800
76500 18731200
76600 18395900
76700 19731600
76800 18794600
76900 18967800
77000 18707700
77100 28432800
77200 18194200
77300 19391900
77400 18323000
77500 19531600
77600 19965100
77700 18227000
77800 18187600
77900 18592400
78000 18495200
78100 18747000
78200 19506800
78300 18511500
78400 18576500
78500 26135700
78600 19263400
78700 18730300
78800 18681300
78900 20171900
79000 28556400
79100 18806000
79200 19149200
79300 18773900
79400 18909800
79500 18674700
79600 20014700
79700 19790600
79800 19385900
79900 19378100
80000 19466800
80100 24594100
80200 18888800
80300 19387000
80400 19079500
80500 19205900
80600 19379100
80700 20568900
80800 21002300
80900 20609000
81000 19563300
81100 19810700
81200 21578700
81300 19687800
81400 19760300
81500 20163700
81600 20471700
81700 20066600
81800 21201200
81900 19736600
82000 20145200
82100 19759800
82200 19769300
82300 20142000
82400 19878100
82500 21934900
82600 20597700
82700 19985400
82800 19824500
82900 21444700
83000 29829600
83100 23694400
83200 20461300
83300 20102300
83400 20929000
83500 21820100
83600 20912900
83700 31113900
83800 21319800
83900 20827300
84000 20531700
84100 20380800
84200 21512600
84300 20607600
84400 21112100
84500 22208600
84600 21335600
84700 20952000
84800 22064100
84900 20835300
85000 21249300
85100 22287100
85200 21299000
85300 20908600
85400 24045100
85500 24566700
85600 21176500
85700 20983000
85800 21330600
85900 21423600
86000 21129600
86100 21755300
86200 21128500
86300 22369200
86400 29934200
86500 21565000
86600 22032000
86700 22401400
86800 23150500
86900 21659800
87000 23611900
87100 24762000
87200 21969500
87300 22557400
87400 22532600
87500 21708500
87600 22721600
87700 22462200
87800 22035700
87900 22752600
88000 22952800
88100 33015600
88200 23026700
88300 22959500
88400 29612300
88500 22935400
88600 22491500
88700 22383300
88800 23490400
88900 22863300
89000 24228300
89100 22495200
89200 22929500
89300 27033000
89400 22931500
89500 22175200
89600 22800500
89700 22589700
89800 22916000
89900 23007600
90000 33221100
90100 23120400
90200 37684000
90300 28490300
90400 23704800
90500 34671300
90600 25046900
90700 23140700
90800 23175500
90900 35255400
91000 28947200
91100 25403100
91200 23246800
91300 23435000
91400 23258600
91500 23566200
91600 27727300
91700 23340900
91800 23417700
91900 24430600
92000 25057300
92100 23604700
92200 23921300
92300 23997200
92400 30887400
92500 33017100
92600 24343200
92700 26105200
92800 25193000
92900 25268500
93000 24548900
93100 24044100
93200 25562800
93300 33833500
93400 24550000
93500 23941100
93600 25500900
93700 24214700
93800 24347100
93900 25223600
94000 25273500
94100 24498800
94200 25382700
94300 25252600
94400 24932800
94500 24678500
94600 25886100
94700 24761900
94800 24897700
94900 24745500
95000 25188400
95100 25123400
95200 24601000
95300 25792700
95400 24885500
95500 25531400
95600 32628600
95700 25826600
95800 24642500
95900 25057000
96000 25330100
96100 24866100
96200 27062300
96300 25238200
96400 30027000
96500 25723000
96600 26447100
96700 25989300
96800 25273600
96900 26799700
97000 26378900
97100 25681900
97200 38241600
97300 25286000
97400 25894400
97500 25997300
97600 28545600
97700 27233900
97800 26722500
97900 26492100
98000 26524500
98100 32058000
98200 26285600
98300 26022600
98400 26253900
98500 26633800
98600 26508700
98700 25898500
98800 26571700
98900 26176300
99000 26402800
99100 26446700
99200 27162500
99300 26596200
99400 26480300
99500 28450700
99600 26816400
99700 27032800
99800 26925200
99900 27253200
100000 27054300
