500 65700
600 80300
700 74800
800 144800
900 81100
1000 169600
1100 162000
1200 118800
1300 235000
1400 277700
1500 312900
1600 278600
1700 159900
1800 197400
1900 183600
2000 246000
2100 252600
2200 225700
2300 235600
2400 251200
2500 305400
2600 295500
2700 291600
2800 452600
2900 330400
3000 457200
3100 363700
3200 420200
3300 304800
3400 321100
3500 358800
3600 342900
3700 344000
3800 364300
3900 372600
4000 394000
4100 415100
4200 433800
4300 449000
4400 581500
4500 973000
4600 487600
4700 488400
4800 860100
4900 519500
5000 559400
5100 781300
5200 1152500
5300 1543600
5400 598900
5500 618100
5600 1077100
5700 648600
5800 1629700
5900 1188200
6000 1200500
6100 7699400
6200 1168000
6300 1238700
6400 818900
6500 848800
6600 702000
6700 959000
6800 701000
6900 878800
7000 810400
7100 729300
7200 700200
7300 704000
7400 748300
7500 1012300
7600 775900
7700 837700
7800 773300
7900 836500
8000 1053200
8100 834100
8200 845400
8300 880900
8400 1263600
8500 884600
8600 970700
8700 902400
8800 932300
8900 938800
9000 946000
9100 1729200
9200 1576900
9300 984300
9400 1030500
9500 1156100
9600 1126400
9700 1575300
9800 2716000
9900 3034800
10000 3135400
10100 3550200
10200 3233700
10300 3241100
10400 3560800
10500 2910200
10600 3512200
10700 4449100
10800 5951600
10900 2506500
11000 2892300
11100 3393800
11200 6450200
11300 2628500
11400 3947200
11500 3208300
11600 3915600
11700 4044700
11800 3616300
11900 5092600
12000 1932300
12100 4353900
12200 4376800
12300 4764900
12400 3028400
12500 4537300
12600 4547500
12700 5951700
12800 4488000
12900 4134000
13000 14173700
13100 3700300
13200 3590200
13300 3714400
13400 3867900
13500 3808000
13600 3789900
13700 3692200
13800 1908600
13900 4491100
14000 4176900
14100 3993000
14200 3927500
14300 4085100
14400 7339600
14500 5667800
14600 3866300
14700 6629100
14800 2388200
14900 4110000
15000 4321100
15100 4401300
15200 3064900
15300 3911000
15400 3410400
15500 4574700
15600 5152300
15700 4537700
15800 4804400
15900 4752000
16000 4796100
16100 4710000
16200 4543200
16300 5009200
16400 4915800
16500 6526900
16600 5023800
16700 6365500
16800 2594100
16900 5173600
17000 5069500
17100 5211900
17200 5537200
17300 5333900
17400 5578500
17500 6783600
17600 5559500
17700 5584600
17800 5458200
17900 9548300
18000 5627400
18100 6780400
18200 2928300
18300 6129700
18400 5887300
18500 5618800
18600 6101100
18700 5715800
18800 5989100
18900 10509200
19000 5952600
19100 5887700
19200 6267900
19300 5523400
19400 6251800
19500 3687200
19600 5920500
19700 6458700
19800 6417400
19900 8139400
20000 6586900
20100 5152100
20200 6642400
20300 6735500
20400 7914900
20500 3139700
20600 19566000
20700 19672700
20800 7949600
20900 6523100
21000 14195700
21100 8149700
21200 12814200
21300 7275000
21400 12769900
21500 11993400
21600 13759200
21700 13227300
21800 8420800
21900 7572100
22000 7419700
22100 7029900
22200 7557700
22300 4294100
22400 7010400
22500 8133700
22600 7818800
22700 8049100
22800 4847700
22900 14133500
23000 6776800
23100 9006600
23200 8261200
23300 8412000
23400 7534700
23500 8235600
23600 8049000
23700 8344500
23800 8802000
23900 6471800
24000 8195500
24100 7770300
24200 8626200
24300 7857100
24400 8704500
24500 9008300
24600 9168400
24700 9055300
24800 7998400
24900 9335900
25000 9205900
25100 8943200
25200 14855600
25300 9919500
25400 9102500
25500 9146100
25600 7105300
25700 9247400
25800 3498900
25900 7935500
26000 7798300
26100 7512000
26200 7357200
26300 8481200
26400 7448900
26500 6986200
26600 7792700
26700 7561200
26800 7518400
26900 7781400
27000 7688900
27100 8472900
27200 7851300
27300 6864500
27400 7489100
27500 8023900
27600 8231200
27700 8673100
27800 9259900
27900 8277600
28000 12530100
28100 8397300
28200 7813800
28300 8272700
28400 8327400
28500 8342200
28600 7998300
28700 4622200
28800 7982000
28900 8542100
29000 8560300
29100 6807600
29200 8746000
29300 9000100
29400 14863000
29500 8786100
29600 10581800
29700 8833200
29800 11376800
29900 8950900
30000 14815300
30100 14940400
30200 14487700
30300 3274300
30400 5268600
30500 3447100
30600 4520400
30700 3262000
30800 3383800
30900 3530900
31000 3667200
31100 6086000
31200 3700100
31300 3431700
31400 3527100
31500 3358700
31600 3395200
31700 4495000
31800 3391000
31900 4512200
32000 3455900
32100 3851700
32200 3522900
32300 3690500
32400 5304000
32500 3525900
32600 3771800
32700 3801800
32800 3579200
32900 3644500
33000 3933100
33100 3601900
33200 3639600
33300 3652700
33400 3712200
33500 3765900
33600 3751200
33700 3916200
33800 4548700
33900 3809700
34000 3808300
34100 4411700
34200 3789400
34300 3937300
34400 4099200
34500 4192100
34600 3949500
34700 3900300
34800 4369700
34900 4149100
35000 3994900
35100 4235500
35200 4308600
35300 3987400
35400 4311500
35500 4188800
35600 4032800
35700 4176500
35800 4370600
35900 4356800
36000 4187200
36100 5940900
36200 4734100
36300 4493800
36400 4196600
36500 5342000
36600 4151900
36700 4325300
36800 4217600
36900 4283700
37000 4217500
37100 4371700
37200 7588600
37300 4557000
37400 4619400
37500 4376700
37600 4413100
37700 4640800
37800 5127700
37900 4421300
38000 4554400
38100 4836000
38200 4457400
38300 4647300
38400 4449100
38500 6499400
38600 4576400
38700 4635600
38800 4604800
38900 4688000
39000 4583400
39100 4974000
39200 4595700
39300 7309900
39400 6047400
39500 4645400
39600 5268300
39700 4669700
39800 4681200
39900 5117600
40000 4731600
40100 4735800
40200 5119000
40300 5071700
40400 4793400
40500 4866400
40600 5201000
40700 4871600
40800 4888600
40900 5026300
41000 5991000
41100 4911400
41200 4991400
41300 5020700
41400 5081800
41500 5173300
41600 5063500
41700 5925700
41800 5057300
41900 5558000
42000 5101300
42100 5155900
42200 9982300
42300 6911400
42400 5145200
42500 5531900
42600 6447700
42700 5211300
42800 5474000
42900 5397000
43000 5908000
43100 5663700
43200 5667100
43300 5270600
43400 5592200
43500 5707500
43600 5696900
43700 5976800
43800 5431300
43900 5612800
44000 5627000
44100 5544000
44200 5475200
44300 5731800
44400 5570700
44500 10418600
44600 6021500
44700 5863400
44800 5624400
44900 5652800
45000 8999000
45100 5761800
45200 5779400
45300 5832700
45400 5829400
45500 6095100
45600 9038600
45700 5788500
45800 7352800
45900 5949300
46000 5915300
46100 5897000
46200 8109200
46300 5797600
46400 6291800
46500 7625700
46600 5963700
46700 6031700
46800 6291500
46900 6268100
47000 6136300
47100 6080100
47200 6042800
47300 7432200
47400 6912900
47500 6231300
47600 6705900
47700 6372300
47800 6203100
47900 6437200
48000 6249600
48100 6415200
48200 6451100
48300 6239200
48400 6390700
48500 6983600
48600 6869400
48700 8268800
48800 6380400
48900 6416100
49000 7465400
49100 7304400
49200 9754900
49300 6882000
49400 6827800
49500 8033700
49600 6724700
49700 6503200
49800 6643600
49900 6859000
50000 6993600
50100 6768000
50200 6843000
50300 7071400
50400 8123900
50500 6907800
50600 6742900
50700 7100800
50800 6999500
50900 6812700
51000 6820500
51100 8587100
51200 6792900
51300 7065000
51400 6595500
51500 6593000
51600 7250500
51700 6561900
51800 6127200
51900 5898800
52000 5853900
52100 6604700
52200 5528800
52300 5602700
52400 5728800
52500 5570800
52600 5579000
52700 7089000
52800 9413800
52900 6163700
53000 5599900
53100 6185400
53200 6332700
53300 5860300
53400 6824800
53500 6005200
53600 5818400
53700 5711500
53800 5685200
53900 5845200
54000 5723500
54100 5898900
54200 6195600
54300 6583400
54400 5871100
54500 5822800
54600 6206600
54700 6223900
54800 5952300
54900 9430600
55000 6084800
55100 5946400
55200 6211100
55300 6406700
55400 6014400
55500 6037700
55600 6371500
55700 6125500
55800 6165400
55900 6499500
56000 6014000
56100 12081200
56200 6538300
56300 6552400
56400 6122700
56500 6171300
56600 6542800
56700 6196400
56800 6144200
56900 6630800
57000 6300800
57100 6737500
57200 6251900
57300 6535300
57400 6498600
57500 6299600
57600 6269600
57700 6428300
57800 7346600
57900 6402900
58000 6401300
58100 6924300
58200 6917700
58300 8059900
58400 7087000
58500 6463300
58600 6601100
58700 6427100
58800 6796400
58900 6527400
59000 6926600
59100 6761800
59200 10339700
59300 6629100
59400 6575500
59500 11430100
59600 7064800
59700 7030100
59800 6847000
59900 6711800
60000 6812200
60100 6934100
60200 6877800
60300 7458100
60400 6867800
60500 7404500
60600 7264400
60700 7130000
60800 6875500
60900 7095300
61000 7030600
61100 7054900
61200 6924600
61300 7100800
61400 6834000
61500 6958100
61600 7069300
61700 6867400
61800 7038100
61900 7298600
62000 7653900
62100 7413700
62200 7403700
62300 7347700
62400 9843200
62500 7137100
62600 7316300
62700 7470200
62800 7504300
62900 7371800
63000 7079900
63100 7307300
63200 7172000
63300 7354700
63400 7207300
63500 7340800
63600 7435300
63700 7473400
63800 7964000
63900 7545900
64000 11354900
64100 7333500
64200 11609000
64300 7380100
64400 7506700
64500 7684500
64600 7477500
64700 7851700
64800 7383000
64900 11841800
65000 9400300
65100 12428100
65200 7512900
65300 7389400
65400 7644800
65500 8025000
65600 7819100
65700 8012500
65800 11323900
65900 7782000
66000 8482400
66100 8081900
66200 8345500
66300 7614700
66400 8218000
66500 7788900
66600 7761200
66700 7666900
66800 7711900
66900 7918700
67000 8427200
67100 7737400
67200 8528000
67300 7784700
67400 11273900
67500 13839400
67600 11022600
67700 7769800
67800 9583300
67900 7864200
68000 8510200
68100 7788000
68200 8339200
68300 8498100
68400 8325000
68500 8073100
68600 8246600
68700 8234900
68800 8264400
68900 8920100
69000 8149500
69100 8503500
69200 8282100
69300 9208900
69400 8208700
69500 8727200
69600 8689900
69700 8129400
69800 8190700
69900 11869800
70000 8228400
70100 8570000
70200 8335600
70300 8739500
70400 8311100
70500 11036000
70600 8616400
70700 8292300
70800 8801100
70900 8693900
71000 8500700
71100 8365600
71200 8414800
71300 8410500
71400 9152100
71500 9317400
71600 8605800
71700 8547300
71800 9279000
71900 9484800
72000 9064300
72100 8455900
72200 10242700
72300 8804900
72400 8754900
72500 8573800
72600 8725700
72700 8911200
72800 8559700
72900 9412200
73000 10366100
73100 10478900
73200 9272600
73300 9134000
73400 10738700
73500 12275400
73600 8991700
73700 8883900
73800 8862400
73900 13895800
74000 8892100
74100 8937400
74200 8974200
74300 13492600
74400 8956500
74500 10026700
74600 9500100
74700 13884200
74800 9484000
74900 8993800
75000 9609000
75100 15342800
75200 9067200
75300 9272800
75400 9387700
75500 14714400
75600 9989600
75700 9176100
75800 9347700
75900 14205300
76000 10687100
76100 9181500
76200 9791800
76300 9667200
76400 10160100
76500 9587500
76600 9792000
76700 9712500
76800 9921300
76900 9698300
77000 16839700
77100 9520300
77200 9524000
77300 10054200
77400 9650200
77500 9816600
77600 9745800
77700 9389000
77800 10848300
77900 10217200
78000 9791500
78100 9942500
78200 15089600
78300 9936500
78400 9844900
78500 9971800
78600 9518800
78700 9689400
78800 10705400
78900 9927000
79000 10281700
79100 9919700
79200 14391700
79300 10073000
79400 9924000
79500 10122000
79600 10021300
79700 10070500
79800 10287400
79900 10462800
80000 10005400
80100 10420500
80200 10098700
80300 10693700
80400 10253000
80500 9759700
80600 10698200
80700 10262700
80800 12891700
80900 10461400
81000 10526600
81100 10179200
81200 10582900
81300 10331800
81400 18201900
81500 10153400
81600 10480200
81700 10249300
81800 10664300
81900 13994500
82000 10184200
82100 10873700
82200 11105600
82300 10517800
82400 10863900
82500 10315100
82600 10633200
82700 12412700
82800 10489000
82900 10769300
83000 13456600
83100 10761600
83200 11501700
83300 10870400
83400 10349000
83500 10667400
83600 11453400
83700 19517000
83800 10640800
83900 10975500
84000 10567600
84100 10932600
84200 10693900
84300 11022400
84400 10864900
84500 10870700
84600 11103700
84700 17304000
84800 11056100
84900 11155900
85000 11148300
85100 11052300
85200 10826300
85300 11026300
85400 12185000
85500 11296300
85600 11275700
85700 14115500
85800 11333200
85900 19669800
86000 11588100
86100 11493000
86200 11556400
86300 11308500
86400 11783900
86500 11181800
86600 11863900
86700 11155700
86800 11781500
86900 11531000
87000 11661500
87100 11667100
87200 12074700
87300 11244700
87400 11766900
87500 11648600
87600 11587400
87700 12479100
87800 11680000
87900 11488600
88000 14596900
88100 11570500
88200 11733200
88300 11657200
88400 11553400
88500 12341100
88600 11896400
88700 11676300
88800 11421600
88900 11773000
89000 11615700
89100 12172300
89200 11930100
89300 11957400
89400 12039900
89500 12025800
89600 12296300
89700 14251500
89800 13571000
89900 13080200
90000 15866800
90100 11935600
90200 12645000
90300 16125200
90400 12066400
90500 22448500
90600 12247300
90700 12446200
90800 15694400
90900 25030800
91000 12341800
91100 12171000
91200 12982500
91300 12343700
91400 12735900
91500 12282400
91600 13803100
91700 12291400
91800 13398200
91900 12286600
92000 12660400
92100 12714300
92200 12502600
92300 12735600
92400 16303500
92500 13344800
92600 12626700
92700 13743500
92800 12633000
92900 14787300
93000 12856900
93100 15453300
93200 16113700
93300 12321400
93400 13053100
93500 12837400
93600 13273000
93700 12866600
93800 12892200
93900 20525900
94000 12830100
94100 12782300
94200 13270800
94300 25490900
94400 12632000
94500 13573900
94600 19810800
94700 13412100
94800 13101800
94900 18254200
95000 13592900
95100 13103300
95200 20528500
95300 13553000
95400 15082000
95500 14515100
95600 13208100
95700 12823000
95800 13641600
95900 14703700
96000 13128700
96100 13033500
96200 13691500
96300 14875600
96400 13305000
96500 13187300
96600 14686900
96700 13662500
96800 13238300
96900 14562200
97000 13644300
97100 13860300
97200 13937300
97300 13716700
97400 14298100
97500 15165700
97600 13328100
97700 13842500
97800 16872000
97900 13630600
98000 13670100
98100 13567200
98200 15299400
98300 13688500
98400 13495100
98500 13742100
98600 14276300
98700 13811800
98800 14628100
98900 13674000
99000 14044900
99100 13833800
99200 14024700
99300 15615700
99400 14425200
99500 14119500
99600 14433000
99700 14340800
99800 14058400
99900 13801800
100000 17247800
