500 90800
600 71500
700 104600
800 140100
900 151800
1000 303900
1100 147400
1200 155700
1300 239100
1400 475700
1500 369500
1600 244000
1700 248400
1800 255200
1900 263100
2000 317100
2100 304200
2200 312600
2300 312100
2400 331200
2500 344800
2600 435200
2700 413300
2800 558100
2900 462000
3000 480100
3100 489400
3200 538400
3300 512200
3400 539400
3500 567500
3600 555900
3700 559600
3800 575100
3900 579200
4000 613300
4100 679600
4200 648100
4300 644800
4400 664300
4500 1015000
4600 719300
4700 710600
4800 1020900
4900 1093000
5000 754100
5100 1095600
5200 1124000
5300 1566000
5400 1043500
5500 911200
5600 953700
5700 1463000
5800 982300
5900 1404500
6000 2209000
6100 1495600
6200 1569900
6300 1571800
6400 1287000
6500 1256200
6600 1330600
6700 1512900
6800 1475600
6900 1413500
7000 1434300
7100 1151300
7200 1215900
7300 1211800
7400 1200400
7500 1247400
7600 1239500
7700 1234800
7800 1294800
7900 1504100
8000 1316700
8100 1333400
8200 1734900
8300 1378900
8400 1381100
8500 1368300
8600 1403800
8700 1473500
8800 1420600
8900 1427200
9000 1494200
9100 2269200
9200 1561800
9300 1519300
9400 1527900
9500 1853200
9600 1635800
9700 1557200
9800 2719000
9900 4640500
10000 5321600
10100 5955200
10200 4461100
10300 4593100
10400 4462300
10500 4764200
10600 4909600
10700 6124900
10800 4723700
10900 3272400
11000 5619200
11100 5933400
11200 5657200
11300 5700000
11400 5843800
11500 5905700
11600 5856600
11700 4684300
11800 4911200
11900 4441500
12000 3174800
12100 5392500
12200 6207600
12300 6417300
12400 6217200
12500 6051900
12600 6263000
12700 4861100
12800 4333600
12900 6473500
13000 12391200
13100 6454100
13200 43092200
13300 6377300
13400 7276000
13500 7004200
13600 5504300
13700 6505400
13800 6965300
13900 6100400
14000 7100800
14100 5593600
14200 6940500
14300 7561600
14400 9217900
14500 7552100
14600 5808200
14700 13552900
14800 7419200
14900 7122900
15000 6323100
15100 7649200
15200 7168800
15300 5234000
15400 7680100
15500 7607600
15600 7761800
15700 8098700
15800 8126400
15900 7828400
16000 11659300
16100 7759900
16200 8013600
16300 6996100
16400 7512000
16500 11047500
16600 8039300
16700 8482600
16800 6894200
16900 8579700
17000 8229600
17100 7185000
17200 8485900
17300 8600100
17400 8524700
17500 8688000
17600 8381500
17700 7721700
17800 9507500
17900 7690600
18000 8776500
18100 5229400
18200 4839400
18300 7010200
18400 9460000
18500 9090400
18600 7723900
18700 8934300
18800 9868400
18900 10262700
19000 5025100
19100 9231500
19200 9636100
19300 9638700
19400 9583700
19500 9789100
19600 9309800
19700 8879900
19800 9351200
19900 9601000
20000 9597400
20100 8548500
20200 3830400
20300 8932400
20400 9936000
20500 9841000
20600 19593700
20700 13137900
20800 13850400
20900 22285500
21000 14681600
21100 14887000
21200 15256100
21300 11444200
21400 15449100
21500 17436200
21600 15918100
21700 42366100
21800 11530700
21900 11437300
22000 6633300
22100 12161900
22200 12034400
22300 11621600
22400 12037200
22500 8369100
22600 11744800
22700 12267700
22800 7387500
22900 18071400
23000 12011900
23100 13243900
23200 12259600
23300 12736500
23400 12313900
23500 11991400
23600 13241800
23700 16944300
23800 13035300
23900 12315100
24000 12093700
24100 12072300
24200 6828100
24300 11784600
24400 12852800
24500 13000500
24600 12886900
24700 15372000
24800 12321100
24900 12758200
25000 13166600
25100 13287500
25200 12938800
25300 13355000
25400 13974600
25500 13041500
25600 13723600
25700 13439400
25800 13401200
25900 14758600
26000 9732000
26100 14520500
26200 13697000
26300 14666500
26400 13530700
26500 13995400
26600 14037700
26700 14807400
26800 13921000
26900 12753800
27000 16734200
27100 14197900
27200 13874600
27300 14378400
27400 20279600
27500 14316700
27600 14908700
27700 14336400
27800 15205200
27900 15090700
28000 15336000
28100 9066500
28200 15432900
28300 13791800
28400 13802900
28500 15145200
28600 14347600
28700 14277700
28800 15007200
28900 11837600
29000 15002400
29100 20357100
29200 15820800
29300 11048400
29400 22099300
29500 16747400
29600 15689800
29700 13515900
29800 22440600
29900 15846800
30000 8958800
30100 16778600
30200 23051900
30300 8194300
30400 6063200
30500 6020600
30600 5747800
30700 5772500
30800 5755100
30900 5983300
31000 5703300
31100 9029700
31200 5739900
31300 6324600
31400 5977000
31500 6053000
31600 5919500
31700 5877900
31800 5852900
31900 5861000
32000 5892700
32100 5996300
32200 6783000
32300 5988200
32400 6093800
32500 6108200
32600 6155100
32700 6046600
32800 6157800
32900 6188400
33000 6080400
33100 6072000
33200 6290100
33300 6238100
33400 6709500
33500 6334600
33600 6741600
33700 6705500
33800 6230000
33900 6267000
34000 6228100
34100 6379700
34200 6265800
34300 6468400
34400 6433300
34500 6451600
34600 6529800
34700 7445300
34800 6559400
34900 6462000
35000 6406000
35100 6719400
35200 6488200
35300 6396600
35400 6522300
35500 6740800
35600 6576300
35700 6541600
35800 9916900
35900 6580100
36000 11637000
36100 7302900
36200 6707400
36300 6635800
36400 6739800
36500 7111600
36600 6964200
36700 6716500
36800 6829100
36900 7154200
37000 6765900
37100 7597700
37200 6902800
37300 6802700
37400 6874600
37500 6848600
37600 7525000
37700 6954600
37800 6797500
37900 7257800
38000 7368100
38100 7382200
38200 7310600
38300 7086800
38400 6953500
38500 8006000
38600 7691800
38700 7250800
38800 7588600
38900 7084200
39000 8793400
39100 7101600
39200 7205900
39300 7334100
39400 7200600
39500 7290500
39600 7216800
39700 7530100
39800 7236400
39900 7359700
40000 7839000
40100 7937500
40200 7415900
40300 7482400
40400 7643800
40500 7630100
40600 7418000
40700 7578600
40800 10980600
40900 7418900
41000 10897700
41100 7834900
41200 7645100
41300 7578000
41400 7938400
41500 7812600
41600 7932400
41700 7774000
41800 10299400
41900 7939700
42000 7898200
42100 8322700
42200 11144200
42300 8239200
42400 8498100
42500 8299800
42600 8169900
42700 8418400
42800 8489000
42900 8592700
43000 8436800
43100 8778700
43200 8830200
43300 8541900
43400 9325300
43500 8685000
43600 8792500
43700 8546400
43800 9049700
43900 8766800
44000 8740900
44100 8772300
44200 8956000
44300 9133200
44400 12616000
44500 9778000
44600 9420000
44700 9474400
44800 10538800
44900 9098300
45000 9127600
45100 9843600
45200 9177500
45300 14851500
45400 9585800
45500 9366000
45600 9330800
45700 9257200
45800 9531400
45900 9266600
46000 9519200
46100 10609600
46200 9380600
46300 9359500
46400 9418700
46500 9449800
46600 9711500
46700 9516300
46800 13798500
46900 9348900
47000 9851100
47100 9474900
47200 9723200
47300 10045800
47400 11692200
47500 9492200
47600 9510900
47700 9539400
47800 9586100
47900 10654800
48000 9670300
48100 9582600
48200 11393300
48300 9734000
48400 9604600
48500 9912400
48600 9897900
48700 10322600
48800 9781900
48900 10796200
49000 10245400
49100 10135100
49200 12238200
49300 13847500
49400 10173000
49500 15498400
49600 10432600
49700 10056900
49800 10136400
49900 9872600
50000 9956000
50100 10918900
50200 10343100
50300 15081200
50400 10070500
50500 10614600
50600 10081900
50700 10579600
50800 11133200
50900 10186000
51000 14442000
51100 10134900
51200 10314700
51300 10298600
51400 10299500
51500 15082000
51600 11363500
51700 10476000
51800 10457400
51900 10355400
52000 15701900
52100 11434200
52200 10376800
52300 10642600
52400 11429300
52500 11013700
52600 16098100
52700 10508700
52800 10587600
52900 10893600
53000 10523900
53100 11217900
53200 10608500
53300 10774500
53400 10533700
53500 12250400
53600 10536700
53700 10605100
53800 10584800
53900 14577500
54000 10888500
54100 10747200
54200 10891600
54300 15670800
54400 10913700
54500 10714100
54600 11266200
54700 11008200
54800 11039100
54900 11200600
55000 10984500
55100 11231900
55200 10854800
55300 11225400
55400 11615100
55500 11036500
55600 10903300
55700 11439700
55800 11161500
55900 11053900
56000 11113700
56100 11243700
56200 11225400
56300 11217300
56400 10968900
56500 11070800
56600 14846500
56700 11597400
56800 11232900
56900 11215500
57000 11126200
57100 11265400
57200 11264400
57300 12710800
57400 11418800
57500 11261200
57600 17089500
57700 11863800
57800 13330700
57900 11680600
58000 11416400
58100 11890000
58200 11462500
58300 12323400
58400 11867300
58500 13163300
58600 12037100
58700 11885900
58800 11672300
58900 11708100
59000 11504600
59100 12250300
59200 12321800
59300 12174300
59400 11897200
59500 11833800
59600 11992700
59700 12066200
59800 11912100
59900 12370200
60000 11957200
60100 12293900
60200 12175800
60300 12226200
60400 12372900
60500 13795300
60600 12495800
60700 11851700
60800 12089300
60900 12091500
61000 12473700
61100 11960200
61200 12407000
61300 12964900
61400 12367000
61500 12534300
61600 12377100
61700 12375100
61800 12362200
61900 12670200
62000 12693200
62100 16465800
62200 12548100
62300 13083900
62400 13134000
62500 12614100
62600 12441700
62700 12543600
62800 12405700
62900 12851100
63000 12730700
63100 13062000
63200 13274200
63300 12652100
63400 13262800
63500 15220600
63600 12324000
63700 12458400
63800 12323900
63900 12630700
64000 12759000
64100 12760100
64200 13199400
64300 13164300
64400 12852000
64500 12847600
64600 16584600
64700 12869200
64800 13962000
64900 12924600
65000 13036000
65100 15046600
65200 14736300
65300 12735500
65400 13585500
65500 12861000
65600 12734800
65700 12878100
65800 13609800
65900 12753600
66000 12963800
66100 12999400
66200 13354100
66300 13176200
66400 13926100
66500 12937100
66600 13567500
66700 19705100
66800 13287500
66900 12996800
67000 13173500
67100 13176500
67200 14161400
67300 13273500
67400 13788200
67500 14450500
67600 13502800
67700 13417600
67800 13774900
67900 13484100
68000 13405800
68100 13300400
68200 13525500
68300 13283100
68400 13327500
68500 13297600
68600 13403500
68700 15541100
68800 13662100
68900 19493400
69000 13636900
69100 13762600
69200 13846000
69300 13675500
69400 13690200
69500 17551700
69600 14054400
69700 13854300
69800 13774500
69900 17020500
70000 13765500
70100 13738200
70200 13730700
70300 13750200
70400 13379700
70500 13807000
70600 20175800
70700 24426700
70800 14303100
70900 13940100
71000 18647300
71100 14088400
71200 13953800
71300 13901100
71400 15293400
71500 23757500
71600 14547900
71700 14069300
71800 14198300
71900 14390200
72000 14122500
72100 14048400
72200 14299200
72300 21167200
72400 15905700
72500 14219900
72600 17396100
72700 14367600
72800 14185500
72900 13978400
73000 16898100
73100 14887200
73200 14051100
73300 14259000
73400 16215500
73500 14906100
73600 14506700
73700 14253300
73800 14533100
73900 15347700
74000 14832900
74100 15092100
74200 14592400
74300 18935800
74400 14462900
74500 15072500
74600 14177500
74700 20504900
74800 14693700
74900 15285800
75000 18621300
75100 14947000
75200 14371000
75300 14609000
75400 14568200
75500 14976200
75600 14544700
75700 14862700
75800 15866700
75900 14667400
76000 15099300
76100 14635500
76200 14892000
76300 14625200
76400 14999900
76500 14663900
76600 14983900
76700 15293900
76800 15105400
76900 14943200
77000 14669000
77100 14944700
77200 14873900
77300 14940600
77400 15276100
77500 15164900
77600 14954000
77700 14889400
77800 20230800
77900 15880800
78000 15287600
78100 15098100
78200 15851600
78300 15046000
78400 15192400
78500 16398800
78600 15203300
78700 15437600
78800 15504500
78900 15519500
79000 15548000
79100 15405300
79200 18550700
79300 20819300
79400 15160400
79500 15195200
79600 15407100
79700 19129000
79800 15507400
79900 16410200
80000 15722200
80100 15683100
80200 15855700
80300 15430500
80400 15639600
80500 15312500
80600 15623300
80700 15675000
80800 18355600
80900 15767200
81000 15503500
81100 17635900
81200 15585400
81300 15809000
81400 16883100
81500 16084200
81600 16564700
81700 15393400
81800 15968800
81900 15964800
82000 18196800
82100 17349700
82200 15958800
82300 16048800
82400 16534500
82500 16043600
82600 20477800
82700 16696500
82800 16548000
82900 16943200
83000 16302900
83100 17526800
83200 16717600
83300 23002200
83400 19159300
83500 16848200
83600 16553300
83700 16317900
83800 16788500
83900 16729000
84000 26827500
84100 16781100
84200 17011400
84300 16731100
84400 17021000
84500 16808600
84600 17689800
84700 17157200
84800 16943700
84900 17103200
85000 18863700
85100 17081500
85200 17275200
85300 17392000
85400 28538500
85500 18073400
85600 17315900
85700 17670000
85800 17570200
85900 17621300
86000 17643000
86100 17658100
86200 17694700
86300 18420100
86400 17451300
86500 18162400
86600 18714200
86700 26355200
86800 17854500
86900 17822000
87000 18846800
87100 21416700
87200 18192800
87300 18130500
87400 21571400
87500 18376900
87600 18226100
87700 23815100
87800 18663900
87900 18399200
88000 24554900
88100 19117900
88200 18626500
88300 19595000
88400 18351600
88500 19145700
88600 21181500
88700 18570600
88800 19135900
88900 21233700
89000 19510000
89100 19340000
89200 19827900
89300 18790200
89400 19231000
89500 18876300
89600 19295900
89700 20197800
89800 18970100
89900 19312300
90000 19393400
90100 20040400
90200 19054100
90300 20076600
90400 19450500
90500 28057100
90600 19628400
90700 19218300
90800 22850700
90900 29096400
91000 19529000
91100 19589700
91200 19522800
91300 19610600
91400 19494500
91500 19422100
91600 23640400
91700 19523700
91800 19518300
91900 19608100
92000 20099500
92100 36030200
92200 20066400
92300 19418500
92400 19265600
92500 19541300
92600 20902900
92700 19567200
92800 19920200
92900 20195400
93000 19964700
93100 19924900
93200 20295500
93300 19850800
93400 19535900
93500 19642800
93600 20615000
93700 20247600
93800 19725400
93900 22241600
94000 32195800
94100 20685500
94200 19637200
94300 31595300
94400 29584900
94500 20336000
94600 19896000
94700 19976500
94800 20157100
94900 19946700
95000 20508900
95100 20256200
95200 20134200
95300 20060500
95400 20370700
95500 20075800
95600 20368900
95700 20470900
95800 20853900
95900 20201300
96000 20115600
96100 19955600
96200 21244200
96300 20351200
96400 20209500
96500 20208100
96600 20359900
96700 20283700
96800 20495800
96900 20370900
97000 21351000
97100 20541400
97200 28521300
97300 20324100
97400 21792500
97500 21090900
97600 20532200
97700 20349600
97800 20546700
97900 20452200
98000 20619500
98100 20345600
98200 20574800
98300 20702200
98400 20518100
98500 20782900
98600 20775200
98700 22743200
98800 21168500
98900 23892000
99000 20668700
99100 21636600
99200 20787000
99300 21182100
99400 30455000
99500 22003800
99600 20811800
99700 20909200
99800 21300800
99900 20994200
100000 20792200
