500 18800
600 28700
700 13600
800 17600
900 23800
1000 141000
1100 47100
1200 30500
1300 77900
1400 71300
1500 76800
1600 59400
1700 52800
1800 66200
1900 59500
2000 89900
2100 66600
2200 83100
2300 73300
2400 75700
2500 124400
2600 76300
2700 82300
2800 85400
2900 87700
3000 93700
3100 96300
3200 105700
3300 129600
3400 125500
3500 139800
3600 133100
3700 128700
3800 153500
3900 136300
4000 142300
4100 150800
4200 148100
4300 158100
4400 167400
4500 343000
4600 211900
4700 163600
4800 333400
4900 170900
5000 174500
5100 177100
5200 360600
5300 366100
5400 190600
5500 191600
5600 362300
5700 310900
5800 366400
5900 200000
6000 371500
6100 1207500
6200 374600
6300 1268700
6400 344100
6500 300200
6600 281400
6700 269600
6800 283000
6900 396600
7000 365100
7100 284600
7200 372900
7300 438900
7400 301600
7500 303100
7600 382400
7700 321700
7800 326600
7900 337800
8000 319600
8100 636600
8200 340500
8300 334900
8400 358300
8500 340300
8600 365800
8700 414100
8800 354000
8900 376500
9000 703200
9100 820700
9200 557800
9300 384900
9400 404200
9500 391800
9600 407000
9700 409800
9800 979900
9900 1192200
10000 2593000
10100 2304500
10200 833800
10300 911100
10400 957300
10500 1181500
10600 1218900
10700 1321600
10800 1909800
10900 972800
11000 1242400
11100 1350500
11200 2309900
11300 1305600
11400 1592800
11500 1306500
11600 827600
11700 1348600
11800 1326500
11900 1334000
12000 680500
12100 1107900
12200 1392200
12300 1387000
12400 1203500
12500 1444500
12600 1429800
12700 10782900
12800 1092100
12900 897000
13000 1787500
13100 1111600
13200 1725900
13300 1700600
13400 1705100
13500 1902600
13600 1898400
13700 1796400
13800 910200
13900 1801200
14000 2603500
14100 1809700
14200 1829900
14300 1819400
14400 3568500
14500 2405800
14600 1559100
14700 3929500
14800 2138800
14900 1961600
15000 3107600
15100 1886200
15200 2288400
15300 1019900
15400 2018800
15500 2019900
15600 1811800
15700 2103200
15800 1998000
15900 2037400
16000 2105000
16100 4333700
16200 2034200
16300 2080800
16400 2115800
16500 3977700
16600 2564100
16700 2139800
16800 2286000
16900 2177100
17000 2216100
17100 2209700
17200 2200500
17300 2322700
17400 2026300
17500 4717200
17600 2302500
17700 2299700
17800 2366800
17900 2264900
18000 2297100
18100 2281900
18200 2358300
18300 2318700
18400 2450100
18500 2362200
18600 2478000
18700 2404700
18800 2401400
18900 4953300
19000 3879400
19100 2386500
19200 2389400
19300 2404000
19400 2407300
19500 1273300
19600 2145400
19700 2477300
19800 2571000
19900 2525600
20000 2531300
20100 1335300
20200 2551500
20300 2578900
20400 1842700
20500 2703800
20600 3273600
20700 3834100
20800 2596900
20900 5446500
21000 3926700
21100 5608700
21200 5344800
21300 5688900
21400 2817000
21500 5455900
21600 2738900
21700 5558800
21800 2774700
21900 2769400
22000 2840200
22100 2783200
22200 2780300
22300 1782800
22400 2760100
22500 2667900
22600 2866600
22700 2903200
22800 1416300
22900 4971300
23000 3006900
23100 3138400
23200 5581600
23300 2903700
23400 2959700
23500 2630400
23600 2936500
23700 2971800
23800 3007300
23900 2895700
24000 1880000
24100 2974900
24200 3042000
24300 2950600
24400 3038700
24500 3091600
24600 3067900
24700 2151800
24800 3107500
24900 3098000
25000 3148500
25100 5020500
25200 3172400
25300 2473500
25400 3289100
25500 3150000
25600 3447300
25700 3407500
25800 3582700
25900 3615600
26000 3705900
26100 3687000
26200 3920900
26300 2304500
26400 3902400
26500 7230400
26600 3765500
26700 3784400
26800 3839000
26900 3234400
27000 2022300
27100 5349700
27200 3787600
27300 4476700
27400 3922200
27500 1939300
27600 4169600
27700 3944500
27800 3936900
27900 3988400
28000 5249700
28100 4040000
28200 4078000
28300 4011800
28400 4050800
28500 4123300
28600 4265500
28700 2678300
28800 3969900
28900 4158400
29000 3500800
29100 3404800
29200 4308600
29300 3413300
29400 7994300
29500 5979400
29600 3622500
29700 4207000
29800 3695000
29900 4171400
30000 8147200
30100 4399200
30200 7181300
30300 2536200
30400 1875700
30500 1528100
30600 1664500
30700 1965400
30800 1605100
30900 1684500
31000 2644200
31100 1835900
31200 1545200
31300 1604900
31400 2633100
31500 1602700
31600 2470700
31700 1601200
31800 1581900
31900 1569500
32000 1566400
32100 1597100
32200 1577200
32300 1586500
32400 2835700
32500 1599300
32600 1604300
32700 1598100
32800 1626400
32900 1637800
33000 1643100
33100 1676700
33200 1651300
33300 1668400
33400 1705900
33500 1686000
33600 1707800
33700 1704100
33800 1695100
33900 1687300
34000 1690600
34100 1738400
34200 1733000
34300 1705100
34400 1690300
34500 1726200
34600 1732400
34700 1721900
34800 1725300
34900 1775000
35000 1763500
35100 1953500
35200 1760100
35300 1785800
35400 1772500
35500 1762500
35600 1843600
35700 1778500
35800 1810900
35900 1778900
36000 1815400
36100 1979200
36200 1829600
36300 1799700
36400 1829000
36500 3039400
36600 2271500
36700 1800500
36800 1857900
36900 1851200
37000 1825500
37100 1816400
37200 2345700
37300 1834100
37400 1933000
37500 1837600
37600 1849400
37700 1848100
37800 1867400
37900 1863500
38000 2135700
38100 1874400
38200 1861100
38300 1872400
38400 1907300
38500 3134000
38600 1899300
38700 1948500
38800 2107400
38900 1903600
39000 1909800
39100 2013900
39200 1911600
39300 3147500
39400 1978700
39500 2110000
39600 1956000
39700 1971200
39800 1962600
39900 1976300
40000 1987300
40100 1982600
40200 1993100
40300 1980500
40400 2015600
40500 2087100
40600 1982900
40700 2013000
40800 1998300
40900 2032600
41000 2017300
41100 2026400
41200 2069500
41300 2103100
41400 2288600
41500 2083000
41600 2340100
41700 2076200
41800 2079000
41900 2076800
42000 2138700
42100 2094500
42200 4203700
42300 2986300
42400 2119400
42500 2177400
42600 2110200
42700 2141800
42800 2124700
42900 2356100
43000 2282300
43100 2163800
43200 2161000
43300 2170800
43400 2196200
43500 2164600
43600 2149900
43700 2881300
43800 2564700
43900 2389600
44000 2415200
44100 3012600
44200 2204100
44300 2375600
44400 2214600
44500 5121900
44600 2223900
44700 3108900
44800 2374400
44900 2834600
45000 2471800
45100 2301200
45200 5693700
45300 2231200
45400 2212000
45500 2225700
45600 3847400
45700 2456100
45800 2502800
45900 2286500
46000 2247100
46100 2299900
46200 3607800
46300 2258700
46400 3153400
46500 4369400
46600 2299500
46700 2320000
46800 2329100
46900 2519100
47000 2433800
47100 2369500
47200 2313600
47300 2341900
47400 2388900
47500 2572400
47600 2373900
47700 2347600
47800 2386000
47900 2806600
48000 2524500
48100 2621600
48200 2380500
48300 2382800
48400 2568200
48500 2391200
48600 2446600
48700 2507700
48800 2452400
48900 2460300
49000 2496500
49100 2531500
49200 2449100
49300 2441100
49400 2498700
49500 2463400
49600 2463000
49700 2437300
49800 2530500
49900 2487700
50000 2461200
50100 2540300
50200 3399900
50300 2503200
50400 2579400
50500 2520200
50600 2468700
50700 2489900
50800 2539300
50900 2559000
51000 2521800
51100 2547700
51200 4882300
51300 2601100
51400 2641500
51500 2704700
51600 4832100
51700 3750100
51800 2901800
51900 2865100
52000 2896500
52100 3615800
52200 2869400
52300 2882000
52400 3214300
52500 2904100
52600 2952500
52700 2923800
52800 3012500
52900 3241800
53000 2924600
53100 2975200
53200 4622600
53300 3133300
53400 2984700
53500 3009600
53600 2963200
53700 3009100
53800 2950200
53900 2965400
54000 3010500
54100 2961900
54200 3248300
54300 3240400
54400 3014500
54500 3030500
54600 3012100
54700 3485300
54800 4037600
54900 5033200
55000 3029000
55100 4253400
55200 3171500
55300 3493100
55400 3673400
55500 3057300
55600 3041300
55700 3072300
55800 3121800
55900 3320500
56000 4691800
56100 3121100
56200 3500300
56300 3115800
56400 3158200
56500 3099500
56600 3389100
56700 3100500
56800 3136600
56900 3166500
57000 3128200
57100 3142200
57200 3212200
57300 3150700
57400 4452000
57500 3236300
57600 3191500
57700 3194300
57800 3243500
57900 3253500
58000 3169600
58100 3741500
58200 4099900
58300 4166100
58400 3211100
58500 3285400
58600 3235500
58700 3199700
58800 3243600
58900 3283900
59000 3703400
59100 3617600
59200 6264600
59300 3391600
59400 3374600
59500 3314200
59600 3442400
59700 3529700
59800 3713700
59900 3290500
60000 6521400
60100 3741800
60200 3302000
60300 4020900
60400 3289800
60500 3698300
60600 3311300
60700 3343600
60800 3582300
60900 3878400
61000 3705700
61100 4505500
61200 3383700
61300 3359700
61400 3406400
61500 3344000
61600 3448400
61700 3373000
61800 4028900
61900 5903000
62000 3667500
62100 3824800
62200 3487700
62300 3515800
62400 4849300
62500 3547100
62600 3488700
62700 3543200
62800 5212500
62900 3752100
63000 3418300
63100 3426900
63200 3482800
63300 4626000
63400 3484400
63500 3480600
63600 3769900
63700 3784200
63800 4667000
63900 4566100
64000 5378100
64100 3789200
64200 5728100
64300 3566200
64400 3664800
64500 3588000
64600 5825100
64700 3591100
64800 6394600
64900 3559800
65000 4149400
65100 6085000
65200 3588400
65300 4964300
65400 3883000
65500 3580100
65600 3795900
65700 3601100
65800 5472500
65900 3686300
66000 3608700
66100 3613600
66200 3981900
66300 3619200
66400 3646100
66500 3738900
66600 3634100
66700 3652200
66800 3696300
66900 4054100
67000 3862400
67100 3687700
67200 4056200
67300 3794400
67400 7182900
67500 3680900
67600 3706600
67700 4683800
67800 4046600
67900 4324400
68000 4430000
68100 3726700
68200 3717300
68300 6413300
68400 3993800
68500 3874000
68600 4045600
68700 5284100
68800 3740600
68900 3802600
69000 4378300
69100 6786000
69200 6082600
69300 3855300
69400 3818100
69500 3822700
69600 4086300
69700 5890200
69800 3816200
69900 3836300
70000 3859900
70100 3850700
70200 5082200
70300 3848500
70400 3859600
70500 4233000
70600 3847800
70700 3852000
70800 4313100
70900 3874900
71000 3942300
71100 3889400
71200 4733500
71300 3949800
71400 3908800
71500 3927000
71600 3975600
71700 3888900
71800 4151400
71900 3982900
72000 4063700
72100 3962900
72200 4442300
72300 4234300
72400 3997000
72500 3927900
72600 4564100
72700 4131800
72800 4026100
72900 3969000
73000 4012400
73100 6064700
73200 3989600
73300 4051600
73400 4059300
73500 6740300
73600 4034700
73700 4045800
73800 3984200
73900 6306900
74000 4398600
74100 4193900
74200 4041700
74300 4352200
74400 4055900
74500 4126200
74600 4451400
74700 4314400
74800 4066600
74900 4068300
75000 4063900
75100 4491300
75200 4138400
75300 4174900
75400 4206300
75500 11545200
75600 5452600
75700 4154500
75800 4360800
75900 6821400
76000 4219500
76100 4155300
76200 5159600
76300 6702700
76400 4351500
76500 4426000
76600 4217500
76700 4150500
76800 4147700
76900 4220500
77000 7868300
77100 4453000
77200 4179900
77300 4173600
77400 4187200
77500 4195600
77600 4353700
77700 4515200
77800 4251000
77900 4205300
78000 4527700
78100 4221000
78200 4553600
78300 4310500
78400 4633000
78500 4291900
78600 6234300
78700 4877000
78800 4277800
78900 4516200
79000 4415700
79100 4324400
79200 4319700
79300 4395600
79400 5431100
79500 5616100
79600 4333200
79700 4468400
79800 4332800
79900 4334300
80000 4334900
80100 4338000
80200 4382100
80300 4420200
80400 4344600
80500 4688400
80600 4440700
80700 4469500
80800 4339500
80900 4364200
81000 4416400
81100 4378800
81200 4354200
81300 4446500
81400 4455100
81500 5346100
81600 4391100
81700 4715000
81800 4413700
81900 6220800
82000 4714500
82100 4480500
82200 4563600
82300 4534700
82400 4446600
82500 4741300
82600 4466700
82700 4497500
82800 4501900
82900 4960100
83000 4522300
83100 4494800
83200 6118800
83300 8227500
83400 4768000
83500 4710200
83600 4526700
83700 5246200
83800 4555300
83900 4697000
84000 4523000
84100 11161800
84200 5126800
84300 4553900
84400 4648700
84500 4516400
84600 4645200
84700 6436400
84800 4547400
84900 4675800
85000 4634100
85100 4624700
85200 4747300
85300 4701800
85400 4726600
85500 4595800
85600 4719600
85700 4631700
85800 4764000
85900 4628600
86000 4951300
86100 4682000
86200 5267000
86300 5008600
86400 4825900
86500 5020400
86600 4883500
86700 4791800
86800 4700300
86900 4713200
87000 4794300
87100 4797600
87200 4857200
87300 5345000
87400 5544100
87500 4929600
87600 4739200
87700 5435800
87800 4864300
87900 5871400
88000 4824800
88100 5108100
88200 4756100
88300 4830900
88400 4859900
88500 4803800
88600 4843700
88700 5060400
88800 5243300
88900 4927600
89000 4852100
89100 4849400
89200 4825600
89300 4843500
89400 5415300
89500 6887500
89600 4843700
89700 5171900
89800 4890100
89900 4892000
90000 5263900
90100 5269700
90200 4862800
90300 4881800
90400 4894000
90500 14628900
90600 4899500
90700 5502100
90800 4942500
90900 7388400
91000 4966200
91100 4973500
91200 5590100
91300 4981200
91400 4942800
91500 5534100
91600 4996700
91700 5088600
91800 5491900
91900 5119600
92000 4945600
92100 4943700
92200 4995200
92300 5103800
92400 5947000
92500 5091000
92600 5069500
92700 11564500
92800 5026400
92900 5261100
93000 4996700
93100 6054500
93200 5132800
93300 5089800
93400 5083600
93500 5402700
93600 5079300
93700 5675300
93800 5087300
93900 10241400
94000 6870500
94100 5099100
94200 5205400
94300 6069900
94400 5065700
94500 5047400
94600 5507800
94700 5382200
94800 5046100
94900 5196500
95000 5699200
95100 5140100
95200 5041400
95300 5147100
95400 5143900
95500 7737500
95600 5161000
95700 5584200
95800 5286800
95900 5128700
96000 5174700
96100 5110900
96200 5130800
96300 5446800
96400 5228100
96500 5149800
96600 5271400
96700 13415500
96800 5193600
96900 5730200
97000 5232700
97100 5585500
97200 5656400
97300 5380000
97400 5502700
97500 5304400
97600 5272700
97700 6206400
97800 7122100
97900 5286200
98000 5302300
98100 5474100
98200 5382100
98300 6036000
98400 5325000
98500 5356700
98600 7981600
98700 5379100
98800 5582500
98900 5832300
99000 5475800
99100 5524500
99200 6199300
99300 5674400
99400 5279300
99500 5624500
99600 6547100
99700 6166200
99800 5578800
99900 8909100
100000 5772600
