500 200600
600 210800
700 224600
800 207200
900 261100
1000 283700
1100 439500
1200 337400
1300 306300
1400 359700
1500 544400
1600 423900
1700 406000
1800 417200
1900 444900
2000 449200
2100 490800
2200 866700
2300 536400
2400 582100
2500 570000
2600 582400
2700 630200
2800 637800
2900 692700
3000 688200
3100 743800
3200 720400
3300 759100
3400 780500
3500 830400
3600 825300
3700 824800
3800 865200
3900 876700
4000 969000
4100 1057200
4200 944400
4300 990000
4400 1003000
4500 2204900
4600 1476400
4700 1143600
4800 1098300
4900 1120900
5000 1881200
5100 1198500
5200 2210400
5300 2451900
5400 2268400
5500 2403100
5600 1684800
5700 2440400
5800 1336400
5900 1357600
6000 2827500
6100 1402200
6200 3451700
6300 2979200
6400 1513000
6500 1515000
6600 2675500
6700 2878400
6800 1902800
6900 1609100
7000 1616200
7100 1775400
7200 1643500
7300 2421000
7400 2229900
7500 1775300
7600 1762900
7700 1935700
7800 1767500
7900 2365800
8000 2169800
8100 1853000
8200 2272700
8300 1912500
8400 1959300
8500 1943000
8600 2017200
8700 2011400
8800 2217200
8900 2066200
9000 2069900
9100 2115200
9200 5917200
9300 2228800
9400 2241400
9500 6256100
9600 3843400
9700 2998600
9800 3145300
9900 6910100
10000 6222300
10100 11612500
10200 7410300
10300 6449800
10400 7000900
10500 6831100
10600 6198000
10700 7052600
10800 14381600
10900 7118600
11000 4641000
11100 7103600
11200 7183400
11300 8208000
11400 7339300
11500 9569700
11600 7524900
11700 7253000
11800 14547700
11900 7770000
12000 7959700
12100 8023600
12200 13475200
12300 9854300
12400 14446800
12500 8256100
12600 8274900
12700 11229200
12800 6180700
12900 6848800
13000 8948700
13100 7731000
13200 7710000
13300 8861700
13400 9069600
13500 8378200
13600 8864600
13700 9347700
13800 4948100
13900 9300800
14000 9520900
14100 9369100
14200 9312300
14300 11259400
14400 11709400
14500 88026300
14600 14953600
14700 9657000
14800 7428400
14900 10407900
15000 10035900
15100 10026900
15200 10241600
15300 14022900
15400 10026900
15500 9892600
15600 10661600
15700 10336600
15800 10632000
15900 10509500
16000 10195000
16100 14195800
16200 10735600
16300 10032900
16400 11075800
16500 10669400
16600 11014700
16700 11357300
16800 10713000
16900 11161500
17000 11147000
17100 10788500
17200 6819600
17300 9437900
17400 10707400
17500 19613100
17600 11785100
17700 12210500
17800 11921400
17900 11622900
18000 11784800
18100 11309000
18200 11826400
18300 11559400
18400 12627000
18500 18042600
18600 12509100
18700 12250000
18800 12523500
18900 24007800
19000 12504400
19100 12484100
19200 11938500
19300 13055400
19400 13331300
19500 12963200
19600 13610500
19700 13536800
19800 12879200
19900 13883700
20000 13156200
20100 23871700
20200 12701400
20300 13630200
20400 14008700
20500 20217000
20600 13394000
20700 11611500
20800 14009300
20900 24830400
21000 17301100
21100 19688700
21200 25238800
21300 24235600
21400 23950900
21500 28473400
21600 18000500
21700 28477000
21800 25232000
21900 15010100
22000 15237100
22100 14866100
22200 14243100
22300 15099100
22400 14956700
22500 14453200
22600 15162300
22700 14546100
22800 43893000
22900 28644000
23000 15380900
23100 15221300
23200 14938500
23300 15899800
23400 16078500
23500 15976800
23600 15507500
23700 16519700
23800 16310400
23900 13634500
24000 16585700
24100 15950400
24200 15713300
24300 16002800
24400 16375400
24500 15946700
24600 15302900
24700 38948900
24800 16965900
24900 16771400
25000 14523300
25100 17187600
25200 10107800
25300 17354300
25400 17618800
25500 17230400
25600 30842000
25700 16636600
25800 17592200
25900 17405900
26000 23103300
26100 26628600
26200 21877600
26300 15629700
26400 19310000
26500 19040000
26600 18661000
26700 17862100
26800 19000700
26900 20821200
27000 17853300
27100 25734400
27200 17579800
27300 17798500
27400 36136500
27500 18573000
27600 18073000
27700 19018600
27800 18722400
27900 12395100
28000 17936200
28100 29304800
28200 25812000
28300 18460900
28400 20073000
28500 19423400
28600 19122900
28700 19952200
28800 18635700
28900 18197200
29000 19546700
29100 47319200
29200 36462100
29300 17778800
29400 25405700
29500 21767700
29600 19795900
29700 18601200
29800 26463300
29900 48654500
30000 33840300
30100 23249300
30200 35372700
30300 8114300
30400 7149800
30500 8144000
30600 8028200
30700 7586400
30800 7306500
30900 7382500
31000 13582800
31100 7968500
31200 7847100
31300 7394000
31400 7406600
31500 7449200
31600 10844200
31700 7956300
31800 7612800
31900 7628300
32000 9535100
32100 9477900
32200 7856700
32300 7703700
32400 8215400
32500 8885100
32600 7714400
32700 8001900
32800 8139500
32900 8032300
33000 8732900
33100 8190500
33200 8189700
33300 8087100
33400 12791900
33500 7926500
33600 7969400
33700 8069200
33800 8016000
33900 8299300
34000 8188100
34100 8219800
34200 8740800
34300 12206500
34400 8147700
34500 10878200
34600 8901000
34700 8330300
34800 8424300
34900 14114000
35000 8520500
35100 9086700
35200 8436800
35300 8942100
35400 8532300
35500 8489300
35600 8923500
35700 8523900
35800 8884300
35900 8580300
36000 9964300
36100 8732600
36200 12164700
36300 10521600
36400 9562100
36500 9424200
36600 9176800
36700 9002900
36800 8801100
36900 14115000
37000 8893300
37100 12296300
37200 9347300
37300 15643500
37400 9413700
37500 9002400
37600 9918700
37700 11803700
37800 9153100
37900 11037900
38000 10096300
38100 9626000
38200 9459500
38300 12415800
38400 9173300
38500 9240400
38600 9462200
38700 9382500
38800 9546300
38900 9861900
39000 9360300
39100 9610900
39200 9506300
39300 9686400
39400 9712700
39500 9695600
39600 11525800
39700 9589400
39800 12413200
39900 10012700
40000 9493400
40100 9980200
40200 9705900
40300 9587600
40400 9712800
40500 10034200
40600 9782900
40700 9725800
40800 10390100
40900 10033700
41000 9796000
41100 10024600
41200 12675600
41300 9844000
41400 9910100
41500 19724300
41600 14024200
41700 9998400
41800 12708200
41900 9989400
42000 10401700
42100 10372100
42200 10458200
42300 10398900
42400 10432900
42500 10843100
42600 11231100
42700 10554900
42800 10312200
42900 11491500
43000 10330700
43100 10741400
43200 12739400
43300 28623000
43400 10610400
43500 10487900
43600 20024100
43700 15654900
43800 10905600
43900 10705300
44000 10812100
44100 10881800
44200 10880400
44300 10753900
44400 11823800
44500 10715600
44600 13224700
44700 11173000
44800 10874100
44900 10886600
45000 14089600
45100 12401300
45200 11271000
45300 11152700
45400 10847800
45500 11830300
45600 12171500
45700 11280700
45800 11605900
45900 11396700
46000 11053500
46100 13618900
46200 12274800
46300 11097800
46400 11531900
46500 11269600
46600 11252500
46700 12842200
46800 11617900
46900 11422000
47000 11962700
47100 11387100
47200 12036300
47300 11478400
47400 11797000
47500 11379400
47600 12220900
47700 11385400
47800 11727900
47900 11546800
48000 11594900
48100 11701300
48200 18516200
48300 11561500
48400 11589200
48500 11655200
48600 11971600
48700 11806100
48800 12219000
48900 11938900
49000 12269800
49100 13242900
49200 12815600
49300 11880100
49400 11829300
49500 12091500
49600 12309500
49700 12376500
49800 16670200
49900 12507500
50000 12165100
50100 12153400
50200 14264200
50300 13185800
50400 12741700
50500 12305900
50600 12809900
50700 12615000
50800 12346300
50900 12305500
51000 12243000
51100 14724600
51200 12326700
51300 12394600
51400 12764500
51500 12812200
51600 14949100
51700 13074000
51800 12978800
51900 12560400
52000 13023800
52100 12956600
52200 14501300
52300 12963200
52400 13198700
52500 13135800
52600 12887400
52700 12900000
52800 13266500
52900 13394200
53000 13238600
53100 13717200
53200 13280100
53300 12847300
53400 13422700
53500 13151600
53600 13196900
53700 13931800
53800 18509000
53900 13662500
54000 13095600
54100 13525900
54200 13298800
54300 13540000
54400 13236600
54500 13590600
54600 13742400
54700 13649600
54800 13525600
54900 13687400
55000 14031500
55100 13444000
55200 14988300
55300 13593600
55400 15668800
55500 14818800
55600 13748100
55700 13737000
55800 13736900
55900 13658300
56000 13971300
56100 14198000
56200 14588300
56300 14149200
56400 13975700
56500 14093900
56600 19716000
56700 14022000
56800 14288400
56900 14016500
57000 14104400
57100 14271900
57200 15837900
57300 14051700
57400 14446100
57500 14256400
57600 14510700
57700 14762800
57800 18047000
57900 14093300
58000 14347900
58100 14345900
58200 14298800
58300 14698700
58400 14428000
58500 14307000
58600 14473100
58700 22730900
58800 14591600
58900 14762000
59000 14994800
59100 14473300
59200 14753500
59300 17320900
59400 15183600
59500 16602700
59600 14571600
59700 15811100
59800 14873900
59900 14681900
60000 14841000
60100 18667600
60200 27208700
60300 15328200
60400 14960500
60500 15368500
60600 15322700
60700 15466000
60800 14633800
60900 15376300
61000 14997100
61100 14989800
61200 20138300
61300 15108700
61400 16078400
61500 15690500
61600 15497200
61700 17843500
61800 15326700
61900 15357300
62000 15439700
62100 31883000
62200 15467600
62300 15645300
62400 15433000
62500 15464700
62600 17945600
62700 15796100
62800 15792800
62900 19339700
63000 15435700
63100 19984200
63200 15630400
63300 15719400
63400 23218800
63500 15532200
63600 15657500
63700 17662800
63800 16561500
63900 31920700
64000 15695600
64100 15883000
64200 15749500
64300 15516600
64400 15548600
64500 15949100
64600 16342300
64700 16154200
64800 17290200
64900 16434800
65000 15960000
65100 15816100
65200 16600500
65300 16128700
65400 30918700
65500 16713000
65600 21868500
65700 16254800
65800 16109200
65900 16091800
66000 16060900
66100 16422800
66200 16353200
66300 16712700
66400 16636600
66500 16430100
66600 16390000
66700 16931500
66800 16483200
66900 16815900
67000 16584200
67100 20174100
67200 19098800
67300 16791600
67400 16709900
67500 17133100
67600 16754800
67700 18253500
67800 16707700
67900 16874400
68000 18332200
68100 16998100
68200 16820200
68300 16882200
68400 18470900
68500 16808500
68600 16922500
68700 18483900
68800 18683200
68900 16813300
69000 17181900
69100 17070400
69200 17262000
69300 17341400
69400 22515500
69500 17476400
69600 25255600
69700 17142400
69800 17684600
69900 17463800
70000 17630100
70100 32693200
70200 17316200
70300 17968600
70400 17533600
70500 17261000
70600 18850700
70700 17299000
70800 17808200
70900 19612500
71000 17759200
71100 19202600
71200 19738400
71300 20260800
71400 19469700
71500 19215600
71600 18014200
71700 17687700
71800 17689800
71900 25534400
72000 18293300
72100 18181900
72200 18002000
72300 17994400
72400 19330500
72500 17858100
72600 18123700
72700 18210700
72800 18203100
72900 17987500
73000 18427200
73100 18330600
73200 19882700
73300 17976400
73400 18208300
73500 21117400
73600 19390000
73700 18222500
73800 33320800
73900 28068300
74000 18751100
74100 18561700
74200 19541000
74300 19282000
74400 18374700
74500 18844600
74600 26081300
74700 18901900
74800 18898200
74900 20390500
75000 19223600
75100 19229000
75200 18820800
75300 20341400
75400 18911200
75500 22356700
75600 19268100
75700 19602400
75800 34689600
75900 19284400
76000 21116200
76100 19239500
76200 20336700
76300 31550800
76400 21695800
76500 19003200
76600 24440500
76700 19081900
76800 19020900
76900 19208700
77000 19110200
77100 20148500
77200 19201400
77300 20055800
77400 23234900
77500 26382500
77600 19901200
77700 19596200
77800 19884100
77900 20295600
78000 19423800
78100 19528000
78200 19863500
78300 19679700
78400 19379900
78500 22190100
78600 22902100
78700 19717500
78800 19874600
78900 19687700
79000 20123800
79100 22920800
79200 21947700
79300 19559500
79400 19678800
79500 19863000
79600 20265000
79700 19613900
79800 20026200
79900 20380100
80000 19813400
80100 19770900
80200 20384100
80300 20036500
80400 19985600
80500 34019400
80600 19913700
80700 25987100
80800 19703500
80900 20054000
81000 20245400
81100 20476100
81200 20091100
81300 19959400
81400 41107000
81500 20236500
81600 20021500
81700 20225500
81800 20733100
81900 20667900
82000 22678300
82100 20300500
82200 20973200
82300 27939000
82400 20235900
82500 20398900
82600 20590600
82700 20548200
82800 23258400
82900 20723200
83000 23260300
83100 20500500
83200 20591300
83300 21507700
83400 20546400
83500 20654500
83600 21139800
83700 21711400
83800 21404000
83900 21163600
84000 21341200
84100 21141600
84200 21301300
84300 22248700
84400 28753400
84500 21097900
84600 20717800
84700 21055700
84800 37530700
84900 21080000
85000 21081500
85100 21121700
85200 21683000
85300 20950200
85400 21226300
85500 44666300
85600 21160700
85700 21600400
85800 21239000
85900 22003100
86000 22354000
86100 23163200
86200 21948700
86300 21597400
86400 25230400
86500 24149100
86600 21364000
86700 23224000
86800 21629600
86900 21859200
87000 23046800
87100 21586000
87200 21950200
87300 23023900
87400 21718200
87500 21854800
87600 25097800
87700 21777900
87800 21797500
87900 22289200
88000 25233200
88100 21962200
88200 22106400
88300 21946300
88400 22021200
88500 22221300
88600 22418400
88700 27038700
88800 22216700
88900 22184800
89000 22211700
89100 21919100
89200 22637900
89300 22270100
89400 22787200
89500 22424100
89600 22296200
89700 27793700
89800 22465600
89900 22500800
90000 22382700
90100 22587400
90200 22461800
90300 22506100
90400 22309600
90500 22578300
90600 39311500
90700 23903600
90800 22601100
90900 32260600
91000 38281800
91100 22384100
91200 22896700
91300 22592200
91400 35750300
91500 22885900
91600 22547800
91700 35438000
91800 22689900
91900 22950600
92000 33808500
92100 23390300
92200 26471600
92300 35831700
92400 41744600
92500 22895600
92600 24265000
92700 23775600
92800 23495000
92900 23450500
93000 23165800
93100 27479300
93200 23676600
93300 23079800
93400 23187600
93500 23459500
93600 24562700
93700 23143200
93800 24428100
93900 37012600
94000 23379500
94100 23409100
94200 23331000
94300 24255000
94400 23424000
94500 23967600
94600 23500600
94700 23893200
94800 23521400
94900 24788400
95000 23846000
95100 24247700
95200 24055700
95300 24147000
95400 24143900
95500 23583000
95600 24000500
95700 24276600
95800 24008500
95900 24112400
96000 24052100
96100 25056800
96200 24030000
96300 27723000
96400 25554300
96500 24341500
96600 23996200
96700 34935100
96800 25248200
96900 24465600
97000 26807200
97100 24357900
97200 29282700
97300 24153300
97400 24090300
97500 24761700
97600 27519100
97700 26966400
97800 25005900
97900 24154800
98000 24690900
98100 24785300
98200 24610500
98300 24714400
98400 24612100
98500 24716900
98600 24405200
98700 25070500
98800 24887600
98900 28592500
99000 25544900
99100 25279500
99200 24530100
99300 26146800
99400 24851200
99500 36956900
99600 27638200
99700 24728200
99800 30352800
99900 25809600
100000 29514100
