500 2184060
600 2602720
700 3000120
800 3398940
900 3874080
1000 4443960
1100 4932260
1200 5956700
1300 5677580
1400 6106380
1500 6824140
1600 7081300
1700 7536160
1800 7780080
1900 8343420
2000 8994560
2100 9285380
2200 9989480
2300 10825620
2400 10239440
2500 11085320
2600 11609900
2700 11805440
2800 12590060
2900 12551200
3000 13308100
3100 13600820
3200 13770780
3300 14202320
3400 14851320
3500 16104480
3600 16415020
3700 16843240
3800 16980160
3900 17114540
4000 17763840
4100 18251180
4200 19107480
4300 18776300
4400 19062400
4500 19739280
4600 21945920
4700 21408720
4800 21492940
4900 22514560
5000 22220680
5100 27802900
5200 24697600
5300 22897040
5400 23296460
5500 24203380
5600 24412240
5700 24635320
5800 25359900
5900 25753240
6000 26132120
6100 26456160
6200 28007720
6300 27899720
6400 28058380
6500 29120260
6600 28942840
6700 29327900
6800 29836240
6900 30295360
7000 30765200
7100 31249260
7200 31732700
7300 32258940
7400 32499900
7500 33361540
7600 33982760
7700 33906620
7800 34258480
7900 34643880
8000 35221960
8100 35697620
8200 36591200
8300 36680580
8400 37082740
8500 37587000
8600 38263720
8700 38644140
8800 39533720
8900 39749740
9000 40029000
9100 40491980
9200 41590140
9300 42083980
9400 42734660
9500 43205440
9600 43159260
9700 43956780
9800 45064480
9900 44654980
10000 45648440
10100 45322820
10200 45877140
10300 46402620
10400 47484140
10500 47515240
10600 47762540
10700 48254720
10800 48904340
10900 49398420
11000 50027340
11100 50373760
11200 50663860
11300 51026720
11400 51929740
11500 52269260
11600 52720300
11700 53363100
11800 53789880
11900 54083880
12000 54522100
12100 56396900
12200 56157200
12300 56047700
12400 56914060
12500 56934800
12600 58018660
12700 58282800
12800 58439760
12900 59333580
13000 59554020
13100 60502740
13200 60592380
13300 61403720
13400 62258400
13500 62201720
13600 62939580
13700 63427460
13800 63755980
13900 64178660
14000 64582080
14100 65060420
14200 66194240
14300 66461920
14400 67323100
14500 67543320
14600 68015640
14700 68257280
14800 68833960
14900 69394420
15000 69759060
15100 70490100
15200 70979240
15300 71465020
15400 71819920
15500 72556360
15600 73217640
15700 73679880
15800 75814460
15900 74542420
16000 75143820
16100 75815940
16200 76513620
16300 76739340
16400 77309120
16500 77771120
16600 78190840
16700 79623120
16800 79522620
16900 80692700
17000 80583780
17100 81308760
17200 81646220
17300 82629180
17400 83928600
17500 83692500
17600 84115440
17700 84617420
17800 84907820
17900 85379080
18000 85667120
18100 86720880
18200 86601580
18300 87859900
18400 88365660
18500 89504240
18600 90680460
18700 90489700
18800 90880580
18900 91989300
19000 92959900
19100 92865600
19200 92714500
19300 93048480
19400 93985520
19500 94603380
19600 95248980
19700 95757860
19800 97746080
19900 97136580
20000 97415960
20100 98234900
20200 99268560
20300 99519540
20400 100327740
20500 100621100
20600 100778900
20700 101537200
20800 102175920
20900 102511560
21000 103219280
21100 104179720
21200 104494500
21300 105043260
21400 105476740
21500 105610200
21600 106462660
21700 108004660
21800 107874220
21900 109659120
22000 109302160
22100 109159320
22200 110064240
22300 110289340
22400 111483420
22500 112441200
22600 112238240
22700 112787160
22800 113599900
22900 114237800
23000 115372340
23100 115259620
23200 115702820
23300 116497420
23400 117336900
23500 117578080
23600 118324580
23700 118742840
23800 119293880
23900 119976980
24000 120306320
24100 121735340
24200 122159880
24300 122551920
24400 122496240
24500 122857300
24600 124118680
24700 125099640
24800 125456900
24900 125836980
25000 126103800
25100 128676760
25200 127393940
25300 127945380
25400 129077800
25500 129854920
25600 130406560
25700 131658000
25800 132035600
25900 132962900
26000 133634960
26100 134955080
26200 134083960
26300 134445320
26400 136120640
26500 136261740
26600 136521520
26700 138377280
26800 138234700
26900 138908060
27000 139270160
27100 140783760
27200 140264260
27300 141926780
27400 142442260
27500 141118560
27600 142127460
27700 144090880
27800 145345320
27900 146613800
28000 146700680
28100 146671620
28200 148032380
28300 148353540
28400 147866040
28500 149576340
28600 150963620
28700 151243640
28800 152651540
28900 151543760
29000 153567160
29100 154853160
29200 154985520
29300 155906200
29400 155628740
29500 156130260
29600 155790240
29700 157553440
29800 157105700
29900 158843360
30000 159177180
30100 161177240
30200 159594580
30300 161926440
30400 163340380
30500 161060460
30600 160863660
30700 163047880
30800 162836240
30900 166607560
31000 165775920
31100 164911060
31200 166486100
31300 166966620
31400 167228660
31500 168140460
31600 168666020
31700 170289160
31800 169689500
31900 170593920
32000 171975680
32100 174113860
32200 172480460
32300 173407100
32400 174636800
32500 173501160
32600 173923420
32700 173948140
32800 174355680
32900 177377980
33000 176216140
33100 177078780
33200 176701180
33300 180059440
33400 178181100
33500 179604880
33600 180841100
33700 180281400
33800 180522500
33900 182641460
34000 184294940
34100 184897680
34200 185893720
34300 186434560
34400 186004100
34500 186239400
34600 188036280
34700 189369140
34800 190337800
34900 190424040
35000 188721800
35100 189167980
35200 196048860
35300 190528960
35400 192002260
35500 191255560
35600 192545240
35700 192359660
35800 193732140
35900 193708060
36000 194409360
36100 194993060
36200 195885820
36300 196675240
36400 197241800
36500 198080900
36600 198275120
36700 198902440
36800 199488200
36900 200158200
37000 201351060
37100 202356080
37200 202025660
37300 203807920
37400 203416540
37500 204433280
37600 205396260
37700 206035240
37800 206833560
37900 207095660
38000 207017320
38100 208519720
38200 209559400
38300 208897100
38400 209600220
38500 210041080
38600 211428180
38700 211521140
38800 214328160
38900 215468780
39000 213740060
39100 214036480
39200 217091340
39300 216079780
39400 216666240
39500 218613620
39600 219245420
39700 219276960
39800 221943840
39900 219287540
40000 219994100
40100 219936660
40200 223466000
40300 222823400
40400 223176900
40500 224163800
40600 226741560
40700 225938780
40800 226829500
40900 226655220
41000 228807800
41100 228790160
41200 229387860
41300 230605420
41400 230902920
41500 231016460
41600 234247000
41700 232793700
41800 233596400
41900 236507680
42000 236730460
42100 242851560
42200 238429700
42300 240313140
42400 239058760
42500 239260040
42600 238354540
42700 239843920
42800 241579360
42900 244153420
43000 354548400
43100 508857020
43200 531347840
43300 572685700
43400 532669240
43500 512823900
43600 516473060
43700 537775520
43800 596739260
43900 553700500
44000 596526020
44100 286354220
44200 248010780
44300 247500480
44400 248609580
44500 249644620
44600 250610160
44700 250969940
44800 251854500
44900 250843220
45000 252011280
45100 253270200
45200 254716160
45300 253733820
45400 254519560
45500 255515980
45600 256459900
45700 256121420
45800 257322960
45900 258477720
46000 259491760
46100 258888080
46200 259314300
46300 259654420
46400 260646600
46500 261256280
46600 262033300
46700 264384740
46800 264438260
46900 264336020
47000 265142720
47100 266252420
47200 266222680
47300 266176280
47400 267099080
47500 268247180
47600 269252580
47700 268800000
47800 270229420
47900 270687680
48000 271553180
48100 272690520
48200 272080400
48300 273441460
48400 273685740
48500 274393200
48600 275554360
48700 275688400
48800 277407120
48900 276603840
49000 277518260
49100 278232080
49200 279717480
49300 281314000
49400 280617640
49500 280674480
49600 286402000
49700 285373480
49800 282206080
49900 284529620
50000 283875760
50100 284459660
50200 285530740
50300 287858760
50400 288243000
50500 288489060
50600 288700740
50700 290646820
50800 291576160
50900 291600620
51000 292422180
51100 292996540
51200 292645180
51300 292947300
51400 293886140
51500 292968620
51600 293908040
51700 298020060
51800 295799620
51900 296501520
52000 298114080
52100 299762840
52200 299536500
52300 305653260
52400 300132680
52500 302489480
52600 301411340
52700 303080540
52800 303389220
52900 303206020
53000 303277700
53100 302879300
53200 303909600
53300 305988160
53400 308570360
53500 307065080
53600 307414540
53700 308971700
53800 308715140
53900 309383000
54000 313171160
54100 311916540
54200 311560260
54300 311762500
54400 313979200
54500 312262840
54600 316495280
54700 318005180
54800 317802380
54900 320070100
55000 321116700
55100 321891460
55200 325077380
55300 320697900
55400 323859780
55500 320109320
55600 322365560
55700 322160100
55800 322804000
55900 322373800
56000 323072320
56100 323434100
56200 325578020
56300 326854300
56400 325657780
56500 327864680
56600 327284060
56700 332820580
56800 330081520
56900 330720280
57000 330942240
57100 331052520
57200 332728900
57300 334257200
57400 332955420
57500 335317800
57600 334709900
57700 337561700
57800 339200320
57900 337731640
58000 338075280
58100 335589000
58200 340158240
58300 338224120
58400 339592700
58500 338662520
58600 341092160
58700 341316800
58800 341012500
58900 341679140
59000 343979800
59100 343560940
59200 345930220
59300 345100340
59400 344811200
59500 347060000
59600 354994240
59700 351592780
59800 351391460
59900 349802560
60000 350282700
60100 355929380
60200 355455000
60300 354056680
60400 357328780
60500 359421620
60600 357607960
60700 356729340
60800 357909840
60900 354572340
61000 354452320
61100 356076880
61200 355798680
61300 362882560
61400 361171500
61500 364156400
61600 363980420
61700 365743760
61800 364549460
61900 365911120
62000 363172000
62100 363302520
62200 363690300
62300 364676120
62400 365290000
62500 364829880
62600 368029360
62700 366967660
62800 367094960
62900 370433840
63000 370114340
63100 370483720
63200 370633800
63300 372435880
63400 371919020
63500 374035900
63600 372123820
63700 376305180
63800 377372920
63900 375426000
64000 379674140
64100 379140180
64200 379154620
64300 379015980
64400 379368320
64500 381637180
64600 378913860
64700 382034980
64800 381303740
64900 383058940
65000 382329400
65100 384232680
65200 382283820
65300 385448660
65400 384767620
65500 383846000
65600 386148040
65700 386783800
65800 386847040
65900 386426380
66000 389422520
66100 389740520
66200 389581400
66300 391862440
66400 391398800
66500 394188640
66600 393990320
66700 395341720
66800 397174980
66900 394933180
67000 395764300
67100 395331700
67200 398757660
67300 397844660
67400 399731700
67500 398951860
67600 400780260
67700 400927060
67800 402223020
67900 404699280
68000 404035320
68100 404519360
68200 405168920
68300 401366920
68400 407536940
68500 408178720
68600 432930960
68700 438725440
68800 425446780
68900 414687880
69000 513424460
69100 409597800
69200 409499500
69300 409057680
69400 408386900
69500 409644460
69600 411538060
69700 411820460
69800 412535600
69900 415005260
70000 414030540
70100 414524220
70200 414510120
70300 414933560
70400 415474180
70500 417486280
70600 417379240
70700 420315260
70800 419211300
70900 419769720
71000 419796220
71100 419878080
71200 420313800
71300 421784180
71400 422245620
71500 425290380
71600 423612140
71700 423831180
71800 424248560
71900 425417720
72000 427008380
72100 428223640
72200 427430440
72300 429209020
72400 429134000
72500 430411560
72600 427291440
72700 437008700
72800 434665440
72900 432556640
73000 436778260
73100 434276300
73200 436165940
73300 433044560
73400 435616640
73500 438307380
73600 436882880
73700 437981800
73800 443241620
73900 445931920
74000 444579360
74100 444310040
74200 446012660
74300 455940400
74400 459377980
74500 449656340
74600 450555840
74700 462534960
74800 472844120
74900 462573280
75000 453726460
75100 858946220
75200 685053700
75300 465373780
75400 454026920
75500 448936260
75600 450195340
75700 450533320
75800 449896880
75900 451582580
76000 453804160
76100 454018440
76200 453717040
76300 457616540
76400 455350880
76500 458698300
76600 456518720
76700 458327000
76800 460479560
76900 457389280
77000 458541360
77100 459836760
77200 460580260
77300 459952820
77400 461082040
77500 466178280
77600 465670480
77700 464354380
77800 465688420
77900 466494960
78000 465668140
78100 467617680
78200 467888880
78300 467022700
78400 469685940
78500 469052840
78600 468526700
78700 469743760
78800 468903180
78900 471399960
79000 471072820
79100 482062680
79200 477007140
79300 481688600
79400 479608360
79500 494315680
79600 493262900
79700 486863920
79800 496610900
79900 625483740
80000 1086784700
80100 821202660
80200 998455500
80300 1046852740
80400 1042863360
80500 1034085580
80600 1015383100
80700 1094465200
80800 1058173440
80900 1039978940
81000 1047769700
81100 1023862020
81200 1040180220
81300 1036938580
81400 1017919060
81500 1053342700
81600 1043767960
81700 1080462120
81800 505169940
81900 516779780
82000 513395940
82100 500224980
82200 496530980
82300 498753500
82400 499717060
82500 499864760
82600 499003660
82700 496941040
82800 499381820
82900 499250800
83000 499112920
83100 503491980
83200 498537020
83300 515142560
83400 586457060
83500 1124525340
83600 1202136140
83700 740611980
83800 535368380
83900 527306920
84000 504629140
84100 504495800
84200 505852860
84300 505903840
84400 506805960
84500 507971380
84600 508203680
84700 508005480
84800 511589940
84900 509824600
85000 510795680
85100 511438000
85200 511600600
85300 512313380
85400 513454280
85500 516044240
85600 515757180
85700 514542300
85800 517626460
85900 517602900
86000 518248500
86100 518389140
86200 518123020
86300 519968180
86400 518596880
86500 522036520
86600 520981740
86700 522512360
86800 521295060
86900 521753520
87000 523716520
87100 524775720
87200 528448020
87300 524454300
87400 532531540
87500 532493080
87600 528233100
87700 524755540
87800 530117740
87900 538174040
88000 557935640
88100 545308240
88200 544868420
88300 551490240
88400 536834480
88500 539196960
88600 535594840
88700 533487820
88800 533439000
88900 532786580
89000 538965480
89100 535419060
89200 536027360
89300 533782540
89400 533936060
89500 536529940
89600 535098460
89700 539067340
89800 545022240
89900 544812220
90000 544596720
90100 546408440
90200 546101820
90300 548527620
90400 544599800
90500 547175660
90600 546567060
90700 550250540
90800 548769920
90900 549727320
91000 550248800
91100 551860100
91200 575214460
91300 565239500
91400 742122720
91500 1324289800
91600 1311284440
91700 1047463320
91800 1201423620
91900 1209748540
92000 1205248560
92100 1190125480
92200 1190415920
92300 1170025200
92400 1215070420
92500 1213238980
92600 1181725360
92700 1197378180
92800 1186686640
92900 1055004900
93000 1231022640
93100 1217058320
93200 1204833620
93300 1246769640
93400 1194615880
93500 1141433320
93600 591850700
93700 585015360
93800 616597240
93900 585394700
94000 869256840
94100 1279150300
94200 1117021360
94300 1261650500
94400 1337253360
94500 1305468120
94600 1308503740
94700 1290062600
94800 1287802920
94900 1270879100
95000 1241634140
95100 1248195460
95200 1228633520
95300 1227945480
95400 1273403760
95500 1274424780
95600 1276208340
95700 1234550420
95800 1280745640
95900 1145284880
96000 1312354500
96100 1302418020
96200 1291331940
96300 1309749220
96400 887570660
96500 1291375480
96600 1335431540
96700 1249910800
96800 1385218720
96900 1305219980
97000 1287285320
97100 1488929880
97200 1253420160
97300 639871860
97400 609099500
97500 748321920
97600 1480968800
97700 1352913920
97800 1494084340
97900 1473607660
98000 1468237500
98100 1375507860
98200 1312222080
98300 1352084300
98400 1340638460
98500 1336556340
98600 785630000
98700 600651040
98800 602611620
98900 601196920
99000 773818640
99100 1436377860
99200 1434897560
99300 1296904800
99400 1468895040
99500 1481123200
99600 1384378840
99700 1450979500
99800 1417980900
99900 1420582040
100000 1372995120
