500 2162880
600 2739360
700 3014480
800 3513700
900 3862080
1000 4326380
1100 4974420
1200 5322880
1300 5828620
1400 6011780
1500 6597200
1600 7093660
1700 7604000
1800 7827460
1900 8386000
2000 8714600
2100 9153540
2200 9710340
2300 10493020
2400 10365760
2500 10932480
2600 11477020
2700 11661660
2800 12445060
2900 12755800
3000 13305500
3100 13514280
3200 13663320
3300 14315700
3400 15916880
3500 16701180
3600 17652400
3700 17087400
3800 16685140
3900 16875960
4000 17420680
4100 17939020
4200 18221440
4300 19334360
4400 19024340
4500 20401540
4600 21830360
4700 20389300
4800 20853860
4900 26576860
5000 24795980
5100 27343000
5200 22694140
5300 22722800
5400 23775220
5500 23734800
5600 24135860
5700 24453500
5800 25185520
5900 25550180
6000 25815280
6100 26190620
6200 26652780
6300 26979940
6400 27473900
6500 28089560
6600 28431300
6700 28617220
6800 29206760
6900 29549740
7000 30289260
7100 30492160
7200 30840840
7300 31219400
7400 31883880
7500 32098420
7600 32615260
7700 33041000
7800 33308960
7900 34199400
8000 34563700
8100 35696940
8200 35894440
8300 36644680
8400 36095240
8500 37163800
8600 36806120
8700 38574580
8800 39705580
8900 38136700
9000 39231000
9100 39198600
9200 39787640
9300 40130900
9400 40229460
9500 40804220
9600 41266300
9700 41563980
9800 42185500
9900 42685460
10000 42865740
10100 43486600
10200 43733460
10300 44183400
10400 44731580
10500 45270880
10600 45602380
10700 46049340
10800 46286520
10900 46828960
11000 47485960
11100 47821340
11200 48311820
11300 48193180
11400 48979120
11500 49543960
11600 50507120
11700 50525820
11800 50650340
11900 51026440
12000 51424460
12100 52115600
12200 52628700
12300 52900060
12400 53147620
12500 53478840
12600 54305740
12700 54904980
12800 55178420
12900 55658100
13000 55860780
13100 56122920
13200 56936160
13300 56953800
13400 57847620
13500 57985960
13600 58545120
13700 59189920
13800 59845800
13900 60012060
14000 60259820
14100 60662480
14200 61464380
14300 61297280
14400 62036360
14500 62803020
14600 62636020
14700 63351940
14800 63548240
14900 64114040
15000 64363780
15100 64835640
15200 65628560
15300 65575600
15400 66050560
15500 66721640
15600 67593980
15700 68204700
15800 68168620
15900 68841160
16000 68834980
16100 69332940
16200 69438640
16300 70352200
16400 70221360
16500 71089360
16600 72227500
16700 72358980
16800 72645020
16900 72580800
17000 74061620
17100 74111400
17200 74362400
17300 74469780
17400 74836060
17500 75510300
17600 76986920
17700 76869020
17800 76522880
17900 76883860
18000 77756320
18100 78138840
18200 78340820
18300 79608900
18400 79389300
18500 80653760
18600 80148660
18700 80979520
18800 81217500
18900 81383660
19000 81197920
19100 82580880
19200 83468560
19300 83416400
19400 84404220
19500 84115120
19600 84332420
19700 84895000
19800 85952760
19900 86146020
20000 86301280
20100 87980440
20200 87354800
20300 87920520
20400 88249680
20500 88868140
20600 89747440
20700 88681900
20800 89445880
20900 90777580
21000 91521480
21100 91658020
21200 91708180
21300 92119500
21400 92044540
21500 92594140
21600 93035040
21700 93152160
21800 93574840
21900 95587980
22000 94978480
22100 96072740
22200 95811000
22300 96006700
22400 96651840
22500 96613200
22600 97512540
22700 98419280
22800 98142220
22900 98442100
23000 99530760
23100 99881260
23200 99959480
23300 100249760
23400 100700260
23500 101620880
23600 101652660
23700 102005260
23800 102456700
23900 102939300
24000 103300240
24100 103407080
24200 104086940
24300 104692700
24400 104733560
24500 105033780
24600 106342420
24700 106698780
24800 106295780
24900 107725200
25000 108184720
25100 108030280
25200 109542060
25300 109375120
25400 109697040
25500 110227000
25600 111610840
25700 111374740
25800 111245600
25900 111737440
26000 112361080
26100 112548760
26200 113629580
26300 113840320
26400 114084100
26500 114564100
26600 115145700
26700 115430360
26800 116945420
26900 116233200
27000 117396360
27100 116520960
27200 117749660
27300 119857340
27400 119729180
27500 118445580
27600 118447240
27700 121549440
27800 120357060
27900 121704740
28000 121573420
28100 122618520
28200 122730580
28300 123601980
28400 123294300
28500 125016980
28600 124633860
28700 124976960
28800 126483920
28900 126631160
29000 127336140
29100 126873380
29200 126886040
29300 127657460
29400 128555360
29500 128436280
29600 130506900
29700 130027220
29800 130286100
29900 130348480
30000 131144140
30100 130610740
30200 132202840
30300 132551920
30400 132167140
30500 132657460
30600 133084300
30700 132507900
30800 132610480
30900 133622520
31000 135573080
31100 134881760
31200 135247880
31300 137044240
31400 135859140
31500 136980200
31600 137983660
31700 138711340
31800 138675020
31900 139257160
32000 139243600
32100 139143680
32200 139935680
32300 140610620
32400 140936980
32500 140614040
32600 141490160
32700 142296560
32800 140961000
32900 142817160
33000 143280300
33100 144124920
33200 142811800
33300 143529160
33400 145598000
33500 146137580
33600 145543580
33700 146475100
33800 147097800
33900 147587160
34000 148296700
34100 149288880
34200 149015160
34300 149363500
34400 151450020
34500 149540940
34600 150966040
34700 152035680
34800 151430520
34900 153602680
35000 150361440
35100 151779000
35200 151720840
35300 152204200
35400 153877380
35500 152909920
35600 152820040
35700 155792760
35800 154886640
35900 155802840
36000 155101880
36100 155911180
36200 156145840
36300 157589420
36400 156987160
36500 157172820
36600 157163780
36700 158596400
36800 158584000
36900 160025220
37000 159904780
37100 160576840
37200 160679220
37300 162312420
37400 162143280
37500 161956420
37600 162802060
37700 163176480
37800 163565640
37900 163478080
38000 164174060
38100 163797000
38200 165602820
38300 165659800
38400 165329300
38500 165768340
38600 166458380
38700 167412840
38800 166869100
38900 168500300
39000 168439680
39100 168255280
39200 170123540
39300 169596940
39400 169945260
39500 170300880
39600 171024640
39700 171696100
39800 173119320
39900 172222160
40000 172637000
40100 173813020
40200 175811580
40300 175476880
40400 174497960
40500 176746940
40600 177225820
40700 176462060
40800 179138940
40900 178273060
41000 178457680
41100 178098360
41200 179941180
41300 180052740
41400 180853200
41500 181421260
41600 181303180
41700 181430540
41800 181919780
41900 182891180
42000 183909020
42100 192362840
42200 186086300
42300 187693000
42400 187983640
42500 187929940
42600 185349680
42700 187217400
42800 189318940
42900 186692940
43000 336650700
43100 404203160
43200 412429700
43300 414106920
43400 420041080
43500 439464220
43600 445853740
43700 403924160
43800 434567420
43900 416525580
44000 427769380
44100 190447200
44200 192378740
44300 190835320
44400 192178040
44500 192922780
44600 194887660
44700 192828320
44800 192772420
44900 193637980
45000 195864820
45100 195039220
45200 194616580
45300 195381860
45400 195202640
45500 196886300
45600 196980320
45700 197525400
45800 197756680
45900 198602600
46000 198967340
46100 198149800
46200 198821660
46300 200176100
46400 200587320
46500 201257060
46600 200679760
46700 201576040
46800 202046620
46900 202341160
47000 202351500
47100 203170560
47200 203668580
47300 203543660
47400 204042640
47500 205139440
47600 205120680
47700 205563320
47800 205451520
47900 206083920
48000 206581480
48100 208846920
48200 207135140
48300 208095480
48400 208439140
48500 209050100
48600 210268880
48700 209622400
48800 210839420
48900 210768780
49000 212656640
49100 212051780
49200 211907880
49300 214277100
49400 213235220
49500 215280780
49600 219691700
49700 219318040
49800 216152840
49900 215968100
50000 216388340
50100 215882160
50200 217931620
50300 218180620
50400 218506560
50500 218749560
50600 219161820
50700 219044260
50800 220239060
50900 220858040
51000 222228540
51100 220422720
51200 223121720
51300 221354000
51400 222205940
51500 222853240
51600 222591180
51700 223898100
51800 225060520
51900 223716320
52000 225757580
52100 225695140
52200 225319280
52300 225618240
52400 228878520
52500 227795920
52600 227303260
52700 227793680
52800 229596620
52900 228374380
53000 228653160
53100 227496760
53200 231569580
53300 230130800
53400 233061000
53500 233801720
53600 231211880
53700 232769680
53800 233593000
53900 232971960
54000 234669660
54100 235578240
54200 235385040
54300 234243440
54400 236806980
54500 236057940
54600 239658300
54700 239727140
54800 239645460
54900 240631740
55000 240454080
55100 240197820
55200 240576520
55300 240891080
55400 241209940
55500 241217000
55600 240632140
55700 243810520
55800 241489600
55900 241876700
56000 242982240
56100 242964720
56200 241860060
56300 243351140
56400 244867800
56500 246025240
56600 246176300
56700 246335980
56800 246747920
56900 247258680
57000 246454800
57100 246840840
57200 247791680
57300 248514180
57400 250197740
57500 252162260
57600 250088640
57700 252155240
57800 250559040
57900 251180080
58000 252316000
58100 251127580
58200 251768020
58300 252240520
58400 252255740
58500 253489980
58600 254143460
58700 254063600
58800 254936040
58900 254735740
59000 255905460
59100 255456600
59200 257420220
59300 257074620
59400 258927040
59500 257587260
59600 263776640
59700 260459020
59800 259935260
59900 262277240
60000 264933300
60100 264314060
60200 262687780
60300 263770580
60400 263278580
60500 264072340
60600 263601400
60700 265285680
60800 262596300
60900 262320960
61000 263989040
61100 264189020
61200 263536340
61300 266365480
61400 268396480
61500 271256120
61600 270917040
61700 268354440
61800 270132640
61900 269540000
62000 267708780
62100 268229440
62200 269146400
62300 269633580
62400 269336240
62500 269140540
62600 270335580
62700 272579100
62800 272695920
62900 272473120
63000 274334280
63100 272327460
63200 271829920
63300 274528500
63400 275115040
63500 275080080
63600 276169900
63700 275450540
63800 276083260
63900 276597980
64000 277430460
64100 277231660
64200 280416860
64300 279488540
64400 279754800
64500 281781460
64600 279901580
64700 280853120
64800 280034480
64900 279839420
65000 284029520
65100 283546480
65200 281179780
65300 284610780
65400 283082520
65500 282926840
65600 282793960
65700 284431340
65800 285237840
65900 284762320
66000 285292740
66100 286529380
66200 286714580
66300 290841160
66400 289247360
66500 291175460
66600 290545080
66700 290460420
66800 289106400
66900 289707060
67000 291094200
67100 291369600
67200 290395620
67300 293476120
67400 293660660
67500 294499340
67600 293181000
67700 294769060
67800 295307040
67900 297202680
68000 297179920
68100 296348900
68200 295736080
68300 295153100
68400 297377480
68500 298068720
68600 309904400
68700 313429680
68800 318042400
68900 302074840
69000 394039220
69100 297721240
69200 300064840
69300 298966160
69400 297903780
69500 300914680
69600 300231540
69700 300836060
69800 301623940
69900 301288260
70000 301960120
70100 304027420
70200 303360000
70300 303590540
70400 302954560
70500 304609360
70600 305419500
70700 307604900
70800 305940300
70900 306036080
71000 305734500
71100 307947300
71200 306553400
71300 307729120
71400 307092160
71500 309543920
71600 308314620
71700 310316880
71800 308873360
71900 310134160
72000 310343000
72100 311238920
72200 312014680
72300 312025540
72400 312327360
72500 312882260
72600 311070160
72700 316730500
72800 315238600
72900 314858260
73000 321866560
73100 316018240
73200 316809140
73300 316304400
73400 318703580
73500 318600000
73600 318295940
73700 317549760
73800 322920620
73900 323262140
74000 324221800
74100 323885120
74200 325046780
74300 338205240
74400 334998380
74500 335436600
74600 336913040
74700 331656800
74800 329996480
74900 335525340
75000 335175820
75100 653930420
75200 469162260
75300 342542220
75400 327420700
75500 326128320
75600 327341780
75700 327034340
75800 327198760
75900 327773480
76000 330178540
76100 331734000
76200 329196700
76300 331814980
76400 330938960
76500 329860080
76600 331926180
76700 332215920
76800 331470660
76900 333591180
77000 331903040
77100 331973000
77200 332931720
77300 335768240
77400 334390700
77500 337560460
77600 336400340
77700 339625860
77800 337553460
77900 336740120
78000 336511020
78100 337417320
78200 339714320
78300 340327900
78400 338958360
78500 338922240
78600 338844520
78700 338676520
78800 339099680
78900 340366120
79000 340353760
79100 347132780
79200 344272020
79300 348154880
79400 346017800
79500 352004800
79600 349112600
79700 357979560
79800 353198640
79900 468994160
80000 754439100
80100 647637660
80200 732298500
80300 732270540
80400 764419280
80500 749994000
80600 729521340
80700 748374040
80800 772232400
80900 732835360
81000 733758320
81100 737704380
81200 744145680
81300 754498860
81400 753448060
81500 752116540
81600 756045840
81700 764337140
81800 363787320
81900 363802980
82000 374000540
82100 362392280
82200 357436340
82300 359343900
82400 360018620
82500 360775080
82600 358707780
82700 357457400
82800 358309300
82900 357615880
83000 363565540
83100 363612120
83200 358291760
83300 362234440
83400 502721800
83500 776076300
83600 775420480
83700 449937000
83800 378584400
83900 374320080
84000 363056240
84100 362803000
84200 362771880
84300 364475940
84400 363832940
84500 365709580
84600 365311600
84700 365335960
84800 365146440
84900 366112200
85000 366889460
85100 367048720
85200 367402480
85300 368479660
85400 368213080
85500 369203560
85600 371066640
85700 369014980
85800 370787680
85900 370594040
86000 370765960
86100 371626180
86200 372548240
86300 372656760
86400 373437740
86500 375207940
86600 373381780
86700 373495120
86800 374062780
86900 375172120
87000 375930280
87100 375527480
87200 377921700
87300 376185500
87400 376985080
87500 394568300
87600 376621620
87700 376126400
87800 377782120
87900 384973800
88000 391904420
88100 398463580
88200 402533140
88300 391053920
88400 392353760
88500 386209820
88600 381934600
88700 383670720
88800 380264400
88900 380895200
89000 384707840
89100 383370600
89200 382901640
89300 381074140
89400 382888820
89500 382505200
89600 382306120
89700 384921920
89800 388024880
89900 389554660
90000 390773620
90100 390343500
90200 390869440
90300 390668220
90400 390556360
90500 392524240
90600 393009280
90700 392809800
90800 393187400
90900 394020240
91000 392605780
91100 391951340
91200 410758020
91300 404379860
91400 609032520
91500 977329640
91600 914589280
91700 684652940
91800 854231540
91900 869366100
92000 879422100
92100 842168120
92200 849170060
92300 864936480
92400 890837380
92500 853973380
92600 866386280
92700 876476020
92800 826016440
92900 768089920
93000 843828320
93100 851449200
93200 905548920
93300 867995680
93400 845303520
93500 800163920
93600 419383000
93700 413265740
93800 430453620
93900 425166880
94000 632076520
94100 881091120
94200 835025100
94300 847361520
94400 947476440
94500 922208740
94600 983741560
94700 902775260
94800 940836900
94900 903379040
95000 885064340
95100 899308020
95200 875665380
95300 805647360
95400 886829360
95500 892490740
95600 894940620
95700 887613360
95800 890079640
95900 903942180
96000 892489980
96100 935683960
96200 936805060
96300 897913000
96400 678539780
96500 872294240
96600 893768280
96700 927411120
96800 954608380
96900 988899540
97000 954298540
97100 1165125940
97200 911077460
97300 442265760
97400 435471800
97500 642687880
97600 1069208700
97700 984085880
97800 937307040
97900 984884940
98000 1002258340
98100 1004239160
98200 968782220
98300 949554720
98400 915418260
98500 939193520
98600 433091340
98700 427845260
98800 426665760
98900 428485080
99000 666553300
99100 969345800
99200 1013197620
99300 964471620
99400 1053382480
99500 967191620
99600 937490820
99700 1048228880
99800 994636220
99900 1006441960
100000 1039341900
