500 416480
600 487140
700 533860
800 622060
900 677240
1000 772220
1100 895740
1200 1057680
1300 1051540
1400 1093100
1500 1189220
1600 1287540
1700 1329600
1800 1431040
1900 1476880
2000 1588120
2100 1642500
2200 1772020
2300 2008500
2400 1971440
2500 2011380
2600 2110340
2700 2061420
2800 2305460
2900 2311220
3000 2340980
3100 2475120
3200 2637280
3300 2608980
3400 2790920
3500 3726440
3600 3233080
3700 3084060
3800 3095420
3900 3041420
4000 3270200
4100 3323520
4200 3318240
4300 3512820
4400 3458480
4500 3602480
4600 4457420
4700 3981100
4800 3909300
4900 4076540
5000 3990020
5100 4922280
5200 4607440
5300 4226320
5400 4320920
5500 4360040
5600 4375880
5700 4548100
5800 4595800
5900 4784040
6000 4746040
6100 4875060
6200 4866440
6300 5110160
6400 5099560
6500 5174980
6600 5275900
6700 5401360
6800 5490280
6900 5482720
7000 5588040
7100 5701220
7200 5743000
7300 5914080
7400 5963600
7500 6000600
7600 6056460
7700 8304900
7800 6249640
7900 6260620
8000 6649860
8100 6442260
8200 6509000
8300 6698340
8400 6704080
8500 6840480
8600 6946560
8700 6966460
8800 7044600
8900 7139020
9000 7129600
9100 7298820
9200 7268400
9300 7377220
9400 7579080
9500 7570100
9600 8149560
9700 7903560
9800 8008740
9900 7963940
10000 7965040
10100 8245340
10200 8298860
10300 8204400
10400 8335680
10500 8560200
10600 8576600
10700 8554780
10800 8647020
10900 8769540
11000 9098680
11100 8998900
11200 8962440
11300 9047980
11400 9218760
11500 9220100
11600 9378360
11700 9572820
11800 9473480
11900 9559920
12000 9735140
12100 9794460
12200 9799140
12300 10055440
12400 10131800
12500 10112960
12600 10172280
12700 10222440
12800 10281520
12900 10477340
13000 10625220
13100 10623760
13200 10726660
13300 10715580
13400 11443400
13500 11094520
13600 10954940
13700 11276400
13800 11366560
13900 11288620
14000 11321420
14100 11311700
14200 11495060
14300 11696680
14400 11520820
14500 11933180
14600 11879200
14700 11958860
14800 11984700
14900 12118880
15000 12605100
15100 12206020
15200 12279720
15300 12561000
15400 12550300
15500 12536400
15600 12738380
15700 12962400
15800 12860120
15900 12774560
16000 12990240
16100 12973500
16200 13039520
16300 13295400
16400 13314600
16500 13400860
16600 13399240
16700 13791020
16800 13667420
16900 13828100
17000 13939920
17100 14022720
17200 14177040
17300 14041800
17400 14322500
17500 14206340
17600 14495040
17700 14411680
17800 14553040
17900 14596700
18000 14700640
18100 14932600
18200 14843500
18300 14926520
18400 14900380
18500 15125080
18600 15167060
18700 15340200
18800 15898000
18900 15294400
19000 15394680
19100 16434420
19200 15678260
19300 15885060
19400 15766380
19500 15967280
19600 15896400
19700 16976480
19800 16125800
19900 16666340
20000 16596300
20100 16413880
20200 16496080
20300 16559460
20400 16653640
20500 16704860
20600 16887880
20700 16902100
20800 16879820
20900 17250100
21000 17239100
21100 17135400
21200 17250880
21300 17559400
21400 17518340
21500 17875260
21600 17718880
21700 17542620
21800 17953720
21900 17889660
22000 18121160
22100 18189900
22200 18342020
22300 18386180
22400 18470440
22500 18555960
22600 18579620
22700 18728280
22800 18807560
22900 18915820
23000 18899700
23100 19222260
23200 18996280
23300 19015480
23400 19396580
23500 19404840
23600 19496020
23700 19473840
23800 19678000
23900 19693400
24000 19645260
24100 20213100
24200 19853660
24300 20097020
24400 19923400
24500 20132440
24600 20433780
24700 20631580
24800 20436140
24900 20299860
25000 20607100
25100 20686220
25200 20974780
25300 20870360
25400 21122980
25500 21659700
25600 21031920
25700 21182160
25800 21573780
25900 21396180
26000 21463380
26100 21423860
26200 21553840
26300 21459720
26400 21556860
26500 21721380
26600 21973840
26700 22438860
26800 22035460
26900 22880380
27000 22306280
27100 22418400
27200 22375320
27300 22868420
27400 22940740
27500 22563400
27600 22519420
27700 23604760
27800 23292520
27900 23332920
28000 23235780
28100 23306220
28200 23721840
28300 23513000
28400 23453180
28500 23598620
28600 24121300
28700 24100820
28800 24628640
28900 24278820
29000 24081680
29100 24265840
29200 24310500
29300 24629080
29400 25206380
29500 24817620
29600 24760320
29700 24724960
29800 25033260
29900 24996280
30000 25302580
30100 25249840
30200 25422580
30300 25153000
30400 26414620
30500 25694640
30600 25364880
30700 25605600
30800 25726740
30900 25671200
31000 25778420
31100 26017460
31200 26204360
31300 26293960
31400 26363840
31500 26587220
31600 26259500
31700 26319000
31800 26420620
31900 26752960
32000 26881120
32100 27212460
32200 27074820
32300 27278740
32400 28094580
32500 26886800
32600 28220180
32700 27259580
32800 27468160
32900 27635380
33000 27822680
33100 27541500
33200 28060460
33300 27920080
33400 27944040
33500 27701840
33600 28095940
33700 28451200
33800 27915700
33900 28339540
34000 28826200
34100 29424820
34200 29172740
34300 28868660
34400 29227020
34500 29432600
34600 29255480
34700 29355020
34800 29364580
34900 29682720
35000 29396140
35100 29297080
35200 29254140
35300 29904660
35400 29626700
35500 30213160
35600 29995560
35700 29932280
35800 30407180
35900 30287120
36000 30088220
36100 30397500
36200 30352760
36300 30364240
36400 30225440
36500 30735340
36600 30692920
36700 30878000
36800 30982260
36900 31362920
37000 31022800
37100 31631260
37200 31715280
37300 32152560
37400 31645560
37500 31324720
37600 31716280
37700 32161960
37800 31906500
37900 31954660
38000 31828120
38100 32159040
38200 32070800
38300 32368740
38400 32159000
38500 32502580
38600 32415800
38700 33087600
38800 33120900
38900 32849080
39000 32933980
39100 33017000
39200 32793680
39300 33016760
39400 33579420
39500 33229960
39600 33345780
39700 33513200
39800 34154940
39900 33645060
40000 33733080
40100 34613040
40200 34479600
40300 34389840
40400 34638880
40500 34268280
40600 34719400
40700 34548780
40800 35302460
40900 34937420
41000 34871480
41100 34922120
41200 35459080
41300 34624100
41400 35150240
41500 35772500
41600 35847220
41700 36102960
41800 36137600
41900 35619680
42000 36003460
42100 36652940
42200 37259800
42300 36669040
42400 36656700
42500 36337460
42600 37054340
42700 36950740
42800 36881860
42900 38000600
43000 53833980
43100 71066240
43200 73010000
43300 75709640
43400 76984520
43500 80912120
43600 75123920
43700 85761860
43800 82025180
43900 92284580
44000 87363020
44100 37937560
44200 37449800
44300 37929420
44400 37614460
44500 37887260
44600 37893280
44700 38250780
44800 37967040
44900 38093560
45000 38138460
45100 38382360
45200 38341100
45300 39090080
45400 38613520
45500 39829060
45600 39633820
45700 39196720
45800 39231760
45900 39045880
46000 39165400
46100 40284600
46200 39506100
46300 39984780
46400 39970760
46500 39750160
46600 39910600
46700 40026560
46800 40064360
46900 40320400
47000 40188520
47100 40048900
47200 40543640
47300 41011720
47400 40360060
47500 41063980
47600 40716700
47700 40842120
47800 41208000
47900 40982720
48000 41004020
48100 41427640
48200 41323080
48300 41767920
48400 41659000
48500 41696540
48600 41781320
48700 42254480
48800 43416860
48900 41764960
49000 42013500
49100 42316300
49200 42631980
49300 42707600
49400 42624940
49500 43042180
49600 43286880
49700 42733480
49800 43126100
49900 42909700
50000 43616000
50100 42918260
50200 43706940
50300 43872780
50400 44057800
50500 43835220
50600 43737860
50700 44738180
50800 43879560
50900 43997480
51000 45649660
51100 44036040
51200 44011640
51300 44646820
51400 45683600
51500 44636060
51600 44504300
51700 44896620
51800 45170780
51900 45394020
52000 45593920
52100 45248240
52200 45026860
52300 45795480
52400 46362640
52500 46086180
52600 45651020
52700 46738000
52800 45791400
52900 46443560
53000 46498640
53100 46207060
53200 46488560
53300 46575820
53400 47241900
53500 46943700
53600 46787340
53700 47075620
53800 47433820
53900 47486880
54000 47300980
54100 47905880
54200 47143440
54300 47622840
54400 47650780
54500 47878460
54600 48829840
54700 48749500
54800 48624960
54900 47931760
55000 49102760
55100 48654240
55200 48825320
55300 48765800
55400 49113860
55500 49324780
55600 49352600
55700 50485840
55800 49610900
55900 49420300
56000 49184400
56100 49332920
56200 49284660
56300 49899160
56400 50025440
56500 50760980
56600 49911700
56700 49670240
56800 50562700
56900 50539360
57000 50242200
57100 50675660
57200 50334260
57300 52156200
57400 51823820
57500 50817080
57600 50689920
57700 51157240
57800 51450720
57900 51595840
58000 50796440
58100 51217560
58200 52567680
58300 51553600
58400 51449680
58500 52113180
58600 51594400
58700 52227500
58800 52261800
58900 52363380
59000 52179820
59100 52430220
59200 52483700
59300 52434720
59400 52889240
59500 52489260
59600 56289040
59700 52959160
59800 53445020
59900 54063800
60000 53855080
60100 53697820
60200 54558420
60300 54237420
60400 53788800
60500 55296200
60600 54576760
60700 54855960
60800 54047200
60900 54246580
61000 54282840
61100 53871620
61200 54717160
61300 54491660
61400 55110420
61500 54954500
61600 55839180
61700 55419800
61800 55508520
61900 55149680
62000 55650240
62100 55416900
62200 55305700
62300 55960320
62400 55873760
62500 55627380
62600 55951580
62700 55717600
62800 55560960
62900 56228700
63000 56132140
63100 56159320
63200 56222800
63300 56524280
63400 56425300
63500 56610280
63600 56715560
63700 56591840
63800 56067040
63900 56812340
64000 56925760
64100 57896780
64200 57770540
64300 58072320
64400 57882100
64500 57371440
64600 57480100
64700 58425640
64800 58031080
64900 57933300
65000 58318200
65100 58378640
65200 58180020
65300 59425280
65400 58355440
65500 57937120
65600 58927800
65700 58899080
65800 58565760
65900 58806200
66000 59128800
66100 59271700
66200 59278580
66300 60291980
66400 59898860
66500 59416800
66600 60635620
66700 59903920
66800 61812760
66900 60281040
67000 60588080
67100 60195840
67200 60949600
67300 60495020
67400 60341160
67500 60875560
67600 61299360
67700 61440700
67800 62284100
67900 60794080
68000 61267400
68100 61057720
68200 61177060
68300 62013960
68400 62632060
68500 62488760
68600 63157620
68700 63525080
68800 65520260
68900 65319640
69000 76560900
69100 61991920
69200 61704180
69300 61934100
69400 62043540
69500 62360640
69600 62655700
69700 62953800
69800 62705440
69900 63238920
70000 62447540
70100 62938700
70200 63081420
70300 62761120
70400 63318700
70500 63032320
70600 63087480
70700 63298700
70800 63902200
70900 63403980
71000 64155560
71100 63792960
71200 63934260
71300 64116920
71400 64548020
71500 65271140
71600 64656720
71700 64473640
71800 64418620
71900 64089360
72000 64993560
72100 65070820
72200 65572560
72300 65021520
72400 64806520
72500 65230680
72600 64968700
72700 66782700
72800 65254220
72900 65466820
73000 65736480
73100 65678800
73200 66248180
73300 66147460
73400 67331520
73500 66493740
73600 66044540
73700 67758520
73800 67705740
73900 67176500
74000 69210060
74100 68277940
74200 67727220
74300 68096240
74400 70296000
74500 72609180
74600 69767100
74700 70875420
74800 70501300
74900 70083520
75000 68481480
75100 133704460
75200 108770280
75300 68148360
75400 68381300
75500 69000680
75600 68048100
75700 68170520
75800 68530200
75900 69204320
76000 68596160
76100 69469480
76200 69182800
76300 69444800
76400 69176460
76500 71053480
76600 69762600
76700 69223800
76800 70295600
76900 70353120
77000 70386900
77100 70757100
77200 70498140
77300 70367660
77400 70366180
77500 72331480
77600 71333160
77700 70919820
77800 71077260
77900 70984820
78000 71076680
78100 71236220
78200 72092380
78300 71655620
78400 71533360
78500 72152720
78600 72489560
78700 72436160
78800 72367420
78900 72564820
79000 72714480
79100 72752920
79200 74111140
79300 75482060
79400 74507640
79500 75787260
79600 75506100
79700 76773680
79800 76030680
79900 96424440
80000 172596540
80100 146926940
80200 172380040
80300 154820900
80400 164721720
80500 154442440
80600 173259800
80700 165392660
80800 166436960
80900 154030740
81000 163714060
81100 167422740
81200 158100800
81300 152535960
81400 158191900
81500 177983680
81600 175701560
81700 164638020
81800 78928980
81900 84568440
82000 80395700
82100 78722600
82200 77473920
82300 77812340
82400 78049360
82500 78188820
82600 77721760
82700 78301380
82800 77866240
82900 77407040
83000 77982520
83100 78748820
83200 77648900
83300 78958780
83400 94105220
83500 168948120
83600 193133700
83700 100300480
83800 82405000
83900 81314100
84000 79769720
84100 80348680
84200 79841240
84300 79695380
84400 79885000
84500 80958680
84600 80295200
84700 81503380
84800 82527660
84900 80926500
85000 80448520
85100 81308120
85200 80712320
85300 82065280
85400 81879380
85500 82241520
85600 82181260
85700 82570960
85800 82606420
85900 82343200
86000 83166600
86100 84035780
86200 82838520
86300 82480400
86400 82820240
86500 85335260
86600 83953340
86700 83681920
86800 83690160
86900 84319580
87000 83736540
87100 84544000
87200 86615560
87300 87554560
87400 85989680
87500 86003960
87600 87205120
87700 85308880
87800 85830760
87900 86175140
88000 86887780
88100 87897620
88200 89309940
88300 93454780
88400 87234380
88500 88287180
88600 88374660
88700 87853460
88800 88294660
88900 87172000
89000 88444180
89100 87596220
89200 88061100
89300 88348920
89400 88797340
89500 88268740
89600 88069260
89700 89296880
89800 90120160
89900 90432380
90000 90029380
90100 90841820
90200 91446760
90300 90380820
90400 90794560
90500 92803600
90600 91547620
90700 91202400
90800 92063520
90900 91753800
91000 92359880
91100 93929500
91200 93515340
91300 93991300
91400 140349000
91500 232256260
91600 223612080
91700 187980380
91800 196884780
91900 203091360
92000 199093440
92100 200186460
92200 210400240
92300 194249860
92400 221079900
92500 204123240
92600 207998840
92700 208222400
92800 211823460
92900 192247220
93000 209648760
93100 222748440
93200 210023620
93300 209970140
93400 210749200
93500 198197140
93600 105839660
93700 100906360
93800 105881900
93900 101995280
94000 147017100
94100 230184720
94200 176995860
94300 219741580
94400 235396020
94500 234416440
94600 234329240
94700 222673880
94800 229780960
94900 212112440
95000 210639780
95100 225150620
95200 222165760
95300 220666940
95400 216908440
95500 218825460
95600 211327240
95700 231628980
95800 219237600
95900 219482700
96000 234427020
96100 223044380
96200 231314280
96300 247168620
96400 155468780
96500 214058880
96600 220618060
96700 235345020
96800 239559080
96900 236084980
97000 229695400
97100 277956060
97200 210979260
97300 110997640
97400 115008640
97500 159577340
97600 240950680
97700 237402640
97800 252982040
97900 259632180
98000 252141740
98100 244857900
98200 245450860
98300 251798420
98400 249903000
98500 263680340
98600 129959940
98700 111509460
98800 111782240
98900 111836080
99000 144640700
99100 280760460
99200 259757280
99300 251498020
99400 272131980
99500 275749180
99600 269188080
99700 282557640
99800 259674460
99900 268950820
100000 272051020
