500 395920
600 449120
700 567640
800 607400
900 739040
1000 774820
1100 922800
1200 997480
1300 1084560
1400 1083540
1500 1142820
1600 1234200
1700 1495560
1800 1390580
1900 1478640
2000 1669200
2100 1646860
2200 1724400
2300 1874620
2400 1919140
2500 1876540
2600 1978120
2700 2343240
2800 2253900
2900 2221600
3000 2372860
3100 2423700
3200 2414660
3300 2504560
3400 2862240
3500 2977580
3600 3325360
3700 3021580
3800 3005880
3900 3132380
4000 3068680
4100 3177800
4200 3205560
4300 3575520
4400 3392600
4500 4439720
4600 3939100
4700 3622040
4800 4215060
4900 4799900
5000 4053420
5100 4719140
5200 4062260
5300 4204040
5400 4188080
5500 4146920
5600 4377140
5700 4395100
5800 4380900
5900 4493700
6000 4530800
6100 4769100
6200 4699140
6300 4854440
6400 4832140
6500 5040960
6600 5036180
6700 5177640
6800 5299980
6900 5290020
7000 5771940
7100 5356520
7200 5488340
7300 5640000
7400 5642320
7500 5707080
7600 5782320
7700 5885200
7800 5908280
7900 6000660
8000 6174620
8100 6205580
8200 6323200
8300 6535920
8400 6373500
8500 6571740
8600 6659360
8700 6657840
8800 6753260
8900 6865420
9000 6891940
9100 6957360
9200 6987960
9300 7138220
9400 7112220
9500 7392820
9600 7437420
9700 7412740
9800 7536200
9900 7612520
10000 7717880
10100 7700480
10200 7811220
10300 7936040
10400 8055400
10500 7971480
10600 8209640
10700 8212380
10800 8402700
10900 8320060
11000 8592940
11100 8468900
11200 8631500
11300 8740400
11400 8857640
11500 8770440
11600 8883340
11700 8945300
11800 9024460
11900 9142140
12000 9262740
12100 9324100
12200 9514760
12300 9486380
12400 9614620
12500 9523100
12600 9816280
12700 9814720
12800 9996240
12900 9803080
13000 9951820
13100 10128340
13200 10128880
13300 10255260
13400 10282780
13500 10507700
13600 10559660
13700 10600560
13800 10536960
13900 10837820
14000 10711760
14100 10788620
14200 10920700
14300 11049020
14400 11172760
14500 11204620
14600 11365980
14700 11194800
14800 11390860
14900 11411640
15000 11544880
15100 11574960
15200 11908920
15300 11844480
15400 11789200
15500 11972040
15600 12118680
15700 12006300
15800 12082380
15900 12429880
16000 12326080
16100 12422640
16200 12572820
16300 12542800
16400 12669560
16500 12874420
16600 13623260
16700 12903860
16800 13073780
16900 13032020
17000 12980780
17100 13062540
17200 13244080
17300 13296480
17400 13318440
17500 13526260
17600 13663660
17700 13555720
17800 13763280
17900 13782360
18000 14002420
18100 14003860
18200 13774120
18300 14510680
18400 14317500
18500 14640800
18600 14355640
18700 14407240
18800 14923860
18900 14518420
19000 14544900
19100 14842580
19200 15016160
19300 15013200
19400 14924080
19500 15196520
19600 15298000
19700 15185800
19800 15309580
19900 15549020
20000 15547100
20100 15475880
20200 15954120
20300 15704100
20400 15884560
20500 15799600
20600 16020160
20700 16180660
20800 15913120
20900 16490220
21000 16339620
21100 16184900
21200 16239020
21300 16522140
21400 16561740
21500 16675100
21600 16595100
21700 16816680
21800 16955140
21900 16911900
22000 17138100
22100 17135040
22200 17276060
22300 17263920
22400 17394840
22500 17499620
22600 17444660
22700 17585720
22800 17469100
22900 17624800
23000 17693880
23100 17821600
23200 18039880
23300 18138840
23400 18053660
23500 18149560
23600 18224540
23700 18407340
23800 18407420
23900 18444240
24000 18475720
24100 18671180
24200 18760460
24300 18848540
24400 18785600
24500 19203660
24600 19063020
24700 19522840
24800 19040780
24900 19269700
25000 19259640
25100 19424940
25200 19839100
25300 19564740
25400 19642240
25500 20355780
25600 19904280
25700 19920480
25800 19892720
25900 20139120
26000 19867180
26100 20201520
26200 20246300
26300 20485360
26400 20583280
26500 20927240
26600 20843140
26700 20665680
26800 21213960
26900 20954000
27000 21697020
27100 20896460
27200 21203500
27300 21475840
27400 21342360
27500 21209160
27600 21133500
27700 21751020
27800 21799940
27900 21621380
28000 22138540
28100 21898980
28200 22135540
28300 22329780
28400 22176520
28500 22263660
28600 22383180
28700 22553600
28800 22218260
28900 22375660
29000 22741660
29100 22519140
29200 23250940
29300 23076300
29400 22743820
29500 23256300
29600 23231360
29700 23495340
29800 23205980
29900 23201440
30000 23551800
30100 23263360
30200 23374500
30300 23852860
30400 23895480
30500 23723820
30600 23486900
30700 23877800
30800 24138240
30900 23858920
31000 24309620
31100 24094580
31200 24234760
31300 24459760
31400 24346280
31500 24416400
31600 24565480
31700 24841920
31800 24966420
31900 25138100
32000 25252320
32100 25012600
32200 25124220
32300 25156900
32400 25361840
32500 25277340
32600 25287180
32700 25303820
32800 25460260
32900 25555040
33000 25707200
33100 25829760
33200 25869440
33300 25993120
33400 25808140
33500 26190060
33600 26071960
33700 26152060
33800 26223380
33900 26642480
34000 26877120
34100 26696940
34200 26643080
34300 26680180
34400 27018880
34500 26968620
34600 27047120
34700 27539500
34800 27539180
34900 27206040
35000 27221400
35100 27242700
35200 27816980
35300 27650200
35400 27419540
35500 27261940
35600 27508220
35700 28185380
35800 27698720
35900 27839360
36000 28041560
36100 28143840
36200 28093040
36300 28441020
36400 28332760
36500 28680300
36600 28597980
36700 28555480
36800 28542920
36900 28647480
37000 28700260
37100 28513940
37200 29011700
37300 29974240
37400 29232860
37500 29255580
37600 29445200
37700 29161260
37800 29485180
37900 30018420
38000 29485580
38100 29643220
38200 29834500
38300 29910720
38400 29860900
38500 29855440
38600 30003000
38700 29931840
38800 30269580
38900 30327680
39000 30444520
39100 30472540
39200 31749880
39300 30534080
39400 30491740
39500 30736160
39600 30880580
39700 31894060
39800 31382100
39900 30862100
40000 31205220
40100 31239020
40200 31158580
40300 32881180
40400 31341960
40500 31296240
40600 31520720
40700 31578360
40800 32092680
40900 31903660
41000 31929920
41100 32067760
41200 32011080
41300 32348820
41400 32048520
41500 32400660
41600 32867300
41700 33275000
41800 32765000
41900 32548460
42000 33254740
42100 33614580
42200 33967160
42300 33334280
42400 33606900
42500 33946300
42600 33430980
42700 33777200
42800 33715760
42900 33717060
43000 65475520
43100 79957080
43200 78008160
43300 71265220
43400 85054760
43500 80521540
43600 74509960
43700 70233600
43800 81267380
43900 80873360
44000 81221380
44100 34263260
44200 34304340
44300 34383660
44400 34643700
44500 35388560
44600 35495980
44700 34965960
44800 35031660
44900 34921920
45000 35576660
45100 35121940
45200 34964640
45300 35089060
45400 35269540
45500 35671160
45600 35362700
45700 35599900
45800 35631160
45900 35602380
46000 35467020
46100 36010740
46200 36042960
46300 35727340
46400 35938100
46500 36362360
46600 36491040
46700 36401780
46800 36829940
46900 36477020
47000 36408080
47100 36684620
47200 36675280
47300 36678440
47400 36749920
47500 36742060
47600 37082460
47700 36995720
47800 37226400
47900 37177140
48000 37218160
48100 37130840
48200 37704540
48300 37674160
48400 37619240
48500 37863620
48600 37834520
48700 37998800
48800 37819960
48900 38203240
49000 38062040
49100 38149560
49200 38528060
49300 38459300
49400 39118360
49500 38380540
49600 39287780
49700 39518920
49800 38697920
49900 38766160
50000 38972440
50100 38662920
50200 42092300
50300 39281600
50400 39278000
50500 39308000
50600 39694440
50700 39792880
50800 39775120
50900 39707200
51000 40164180
51100 39536120
51200 39598520
51300 39615840
51400 39793960
51500 40103120
51600 40089660
51700 40256020
51800 40372340
51900 40175620
52000 40888420
52100 40848140
52200 40506840
52300 40766780
52400 40931420
52500 41096260
52600 40888600
52700 40815960
52800 41342920
52900 41245740
53000 41516760
53100 41667980
53200 41807200
53300 41866780
53400 41702560
53500 41926380
53600 41509260
53700 41694540
53800 42200680
53900 42595520
54000 42116340
54100 42031720
54200 42102480
54300 41962380
54400 42576480
54500 42299860
54600 42664420
54700 43145920
54800 42561760
54900 43060100
55000 43359600
55100 44093340
55200 43187200
55300 43597780
55400 42961180
55500 43464080
55600 43363880
55700 44105920
55800 44284240
55900 43497360
56000 43542060
56100 43839300
56200 43518740
56300 43932980
56400 44189260
56500 43947500
56600 45183260
56700 44150020
56800 44206420
56900 45455980
57000 44972340
57100 44932400
57200 45213220
57300 45131700
57400 45509780
57500 45558540
57600 44958680
57700 45103760
57800 45087920
57900 44822940
58000 45307260
58100 45731200
58200 46117260
58300 45390880
58400 45427920
58500 45995720
58600 46161500
58700 46077840
58800 45606940
58900 45940520
59000 46198620
59100 46312460
59200 46434320
59300 46615920
59400 46485900
59500 46267860
59600 46841580
59700 46874400
59800 47377940
59900 47016780
60000 47311780
60100 48191300
60200 47506480
60300 49211700
60400 47462400
60500 47395060
60600 47966280
60700 47627180
60800 47449720
60900 47405600
61000 47805160
61100 47052320
61200 47596940
61300 47912420
61400 47878960
61500 49433600
61600 48456140
61700 49424200
61800 48726200
61900 48329900
62000 48194580
62100 48681580
62200 47995860
62300 48643560
62400 48824460
62500 48593260
62600 48679320
62700 49249680
62800 49115920
62900 49810160
63000 48881880
63100 48679200
63200 49141040
63300 48950600
63400 49412960
63500 50107380
63600 49527000
63700 49404260
63800 49430120
63900 49656980
64000 49754880
64100 49732720
64200 49814140
64300 51664020
64400 50570140
64500 50671180
64600 50642420
64700 50180600
64800 50046720
64900 50612940
65000 51237140
65100 51230260
65200 51159220
65300 51290000
65400 50891020
65500 51149200
65600 51264840
65700 51298380
65800 51394560
65900 51645460
66000 52140300
66100 51788520
66200 51764080
66300 52133420
66400 52022720
66500 52443000
66600 52463300
66700 52854480
66800 52285740
66900 52155900
67000 52535580
67100 52339320
67200 52421580
67300 52625120
67400 52420100
67500 53323580
67600 52952580
67700 53071680
67800 53557440
67900 53349260
68000 53550180
68100 53476340
68200 53531400
68300 53232320
68400 54259920
68500 53428240
68600 53493060
68700 54302720
68800 57389100
68900 55235140
69000 76965480
69100 54245540
69200 53763500
69300 53802660
69400 54328280
69500 53990220
69600 54154600
69700 54708900
69800 54609100
69900 54256760
70000 54142480
70100 55190200
70200 54859280
70300 54529860
70400 55391700
70500 54906420
70600 55460900
70700 55560200
70800 55641900
70900 55286800
71000 55233460
71100 55353240
71200 55381420
71300 55728000
71400 55641520
71500 55533340
71600 56457440
71700 55751780
71800 55722560
71900 55884200
72000 56175460
72100 56338420
72200 56602460
72300 56663760
72400 57544400
72500 56958100
72600 56303800
72700 56531300
72800 56651940
72900 56706120
73000 57528260
73100 57226480
73200 56599080
73300 56895980
73400 58651080
73500 58199680
73600 57989040
73700 58294400
73800 58227540
73900 58842400
74000 58797280
74100 58954360
74200 58469680
74300 62196700
74400 60573440
74500 61929140
74600 63509840
74700 61577920
74800 60304240
74900 61844260
75000 60871900
75100 113267000
75200 91146560
75300 60019440
75400 58825180
75500 59555900
75600 59155200
75700 58878860
75800 59650260
75900 59374880
76000 59804700
76100 59214400
76200 59279840
76300 59527600
76400 59593860
76500 60490380
76600 60198840
76700 59869980
76800 59848040
76900 60372560
77000 60383360
77100 60304160
77200 60861920
77300 60169540
77400 60242600
77500 61639620
77600 61286280
77700 60820980
77800 61120400
77900 61311600
78000 61017480
78100 61215060
78200 60953440
78300 61496840
78400 61361140
78500 60543840
78600 61885420
78700 60915540
78800 61379440
78900 61610320
79000 61788660
79100 62759600
79200 62489720
79300 62877520
79400 62989820
79500 62666460
79600 63314440
79700 64134040
79800 63690660
79900 80395960
80000 134429280
80100 134122900
80200 141108640
80300 127891860
80400 151244300
80500 135459300
80600 149686900
80700 140923960
80800 155351600
80900 144165800
81000 150185180
81100 130180740
81200 133751860
81300 133702020
81400 149402700
81500 135035740
81600 137322800
81700 149141200
81800 66638040
81900 68586360
82000 66191980
82100 65355980
82200 65241920
82300 65135000
82400 64541040
82500 65334320
82600 64312400
82700 64360880
82800 65370220
82900 65141460
83000 65037500
83100 65084600
83200 64927980
83300 64867740
83400 99701320
83500 136937700
83600 145618020
83700 89710720
83800 66236180
83900 68654900
84000 65747620
84100 66000740
84200 65503980
84300 65804900
84400 66012340
84500 66057260
84600 66187560
84700 66382240
84800 67747600
84900 66136840
85000 65810620
85100 66954980
85200 66651980
85300 66803740
85400 66228940
85500 67035380
85600 66937280
85700 67234140
85800 67059920
85900 67654140
86000 67200120
86100 66663600
86200 67634940
86300 67116180
86400 67858620
86500 67487840
86600 68209640
86700 67352400
86800 67535500
86900 68418540
87000 68149020
87100 68016960
87200 68964260
87300 70025700
87400 69692420
87500 70828540
87600 67515080
87700 68061860
87800 69111820
87900 68755840
88000 69628600
88100 72770720
88200 70806640
88300 69115060
88400 69102540
88500 70884780
88600 69426760
88700 68941900
88800 68686520
88900 69249440
89000 69163740
89100 68609100
89200 69095300
89300 69490220
89400 69351920
89500 69697860
89600 69296540
89700 69266800
89800 71587840
89900 70157200
90000 70440060
90100 70036220
90200 70600680
90300 70744740
90400 70589800
90500 71047880
90600 71482860
90700 71217740
90800 70694220
90900 70946020
91000 71572640
91100 71571560
91200 74138560
91300 73479340
91400 117319420
91500 184915480
91600 172039520
91700 135811040
91800 160597200
91900 153825020
92000 150461280
92100 157028040
92200 155259700
92300 148377600
92400 177504160
92500 151714460
92600 157900800
92700 154850620
92800 149048260
92900 151924340
93000 156745520
93100 156411060
93200 158193880
93300 173714400
93400 159846640
93500 162661040
93600 78614440
93700 76022620
93800 74930340
93900 76571040
94000 110339820
94100 168321860
94200 152656480
94300 165379480
94400 173034700
94500 173437620
94600 184402320
94700 164909020
94800 185629620
94900 150207480
95000 165308440
95100 156329220
95200 162082640
95300 172526020
95400 174126980
95500 162749500
95600 171241400
95700 160123340
95800 169111520
95900 168899660
96000 133080100
96100 172564520
96200 164545500
96300 165330860
96400 107306140
96500 153459840
96600 173633100
96700 168036940
96800 191842040
96900 169763540
97000 178398600
97100 211460320
97200 160055280
97300 77913640
97400 77381460
97500 108511140
97600 193676700
97700 178410980
97800 156481160
97900 187237140
98000 178140440
98100 187168900
98200 169708220
98300 200697940
98400 176267480
98500 171560480
98600 77529900
98700 77437360
98800 77734880
98900 77514060
99000 95727420
99100 195687880
99200 189839780
99300 175337240
99400 200362200
99500 176254220
99600 177401080
99700 179854420
99800 198774940
99900 185876420
100000 182316780
